,wav_path,phn_path,length,maxidx,minidx
0,TEST/DR1/FAKS0/SA1.WAV.wav,TEST/DR1/FAKS0/SA1.PHN,41,41,0
1,TEST/DR1/FAKS0/SA2.WAV.wav,TEST/DR1/FAKS0/SA2.PHN,34,75,41
2,TEST/DR1/FAKS0/SI1573.WAV.wav,TEST/DR1/FAKS0/SI1573.PHN,60,135,75
3,TEST/DR1/FAKS0/SI2203.WAV.wav,TEST/DR1/FAKS0/SI2203.PHN,32,167,135
4,TEST/DR1/FAKS0/SI943.WAV.wav,TEST/DR1/FAKS0/SI943.PHN,39,206,167
5,TEST/DR1/FAKS0/SX133.WAV.wav,TEST/DR1/FAKS0/SX133.PHN,38,244,206
6,TEST/DR1/FAKS0/SX223.WAV.wav,TEST/DR1/FAKS0/SX223.PHN,32,276,244
7,TEST/DR1/FAKS0/SX313.WAV.wav,TEST/DR1/FAKS0/SX313.PHN,37,313,276
8,TEST/DR1/FAKS0/SX403.WAV.wav,TEST/DR1/FAKS0/SX403.PHN,40,353,313
9,TEST/DR1/FAKS0/SX43.WAV.wav,TEST/DR1/FAKS0/SX43.PHN,35,388,353
10,TEST/DR1/FDAC1/SA1.WAV.wav,TEST/DR1/FDAC1/SA1.PHN,40,428,388
11,TEST/DR1/FDAC1/SA2.WAV.wav,TEST/DR1/FDAC1/SA2.PHN,33,461,428
12,TEST/DR1/FDAC1/SI1474.WAV.wav,TEST/DR1/FDAC1/SI1474.PHN,37,498,461
13,TEST/DR1/FDAC1/SI2104.WAV.wav,TEST/DR1/FDAC1/SI2104.PHN,33,531,498
14,TEST/DR1/FDAC1/SI844.WAV.wav,TEST/DR1/FDAC1/SI844.PHN,71,602,531
15,TEST/DR1/FDAC1/SX124.WAV.wav,TEST/DR1/FDAC1/SX124.PHN,31,633,602
16,TEST/DR1/FDAC1/SX214.WAV.wav,TEST/DR1/FDAC1/SX214.PHN,45,678,633
17,TEST/DR1/FDAC1/SX304.WAV.wav,TEST/DR1/FDAC1/SX304.PHN,34,712,678
18,TEST/DR1/FDAC1/SX34.WAV.wav,TEST/DR1/FDAC1/SX34.PHN,25,737,712
19,TEST/DR1/FDAC1/SX394.WAV.wav,TEST/DR1/FDAC1/SX394.PHN,30,767,737
20,TEST/DR1/FELC0/SA1.WAV.wav,TEST/DR1/FELC0/SA1.PHN,42,809,767
21,TEST/DR1/FELC0/SA2.WAV.wav,TEST/DR1/FELC0/SA2.PHN,37,846,809
22,TEST/DR1/FELC0/SI1386.WAV.wav,TEST/DR1/FELC0/SI1386.PHN,68,914,846
23,TEST/DR1/FELC0/SI2016.WAV.wav,TEST/DR1/FELC0/SI2016.PHN,34,948,914
24,TEST/DR1/FELC0/SI756.WAV.wav,TEST/DR1/FELC0/SI756.PHN,45,993,948
25,TEST/DR1/FELC0/SX126.WAV.wav,TEST/DR1/FELC0/SX126.PHN,30,1023,993
26,TEST/DR1/FELC0/SX216.WAV.wav,TEST/DR1/FELC0/SX216.PHN,29,1052,1023
27,TEST/DR1/FELC0/SX306.WAV.wav,TEST/DR1/FELC0/SX306.PHN,29,1081,1052
28,TEST/DR1/FELC0/SX36.WAV.wav,TEST/DR1/FELC0/SX36.PHN,47,1128,1081
29,TEST/DR1/FELC0/SX396.WAV.wav,TEST/DR1/FELC0/SX396.PHN,51,1179,1128
30,TEST/DR1/FJEM0/SA1.WAV.wav,TEST/DR1/FJEM0/SA1.PHN,41,1220,1179
31,TEST/DR1/FJEM0/SA2.WAV.wav,TEST/DR1/FJEM0/SA2.PHN,35,1255,1220
32,TEST/DR1/FJEM0/SI1264.WAV.wav,TEST/DR1/FJEM0/SI1264.PHN,40,1295,1255
33,TEST/DR1/FJEM0/SI1894.WAV.wav,TEST/DR1/FJEM0/SI1894.PHN,33,1328,1295
34,TEST/DR1/FJEM0/SI634.WAV.wav,TEST/DR1/FJEM0/SI634.PHN,57,1385,1328
35,TEST/DR1/FJEM0/SX184.WAV.wav,TEST/DR1/FJEM0/SX184.PHN,28,1413,1385
36,TEST/DR1/FJEM0/SX274.WAV.wav,TEST/DR1/FJEM0/SX274.PHN,31,1444,1413
37,TEST/DR1/FJEM0/SX364.WAV.wav,TEST/DR1/FJEM0/SX364.PHN,66,1510,1444
38,TEST/DR1/FJEM0/SX4.WAV.wav,TEST/DR1/FJEM0/SX4.PHN,30,1540,1510
39,TEST/DR1/FJEM0/SX94.WAV.wav,TEST/DR1/FJEM0/SX94.PHN,35,1575,1540
40,TEST/DR1/MDAB0/SA1.WAV.wav,TEST/DR1/MDAB0/SA1.PHN,39,1614,1575
41,TEST/DR1/MDAB0/SA2.WAV.wav,TEST/DR1/MDAB0/SA2.PHN,33,1647,1614
42,TEST/DR1/MDAB0/SI1039.WAV.wav,TEST/DR1/MDAB0/SI1039.PHN,56,1703,1647
43,TEST/DR1/MDAB0/SI1669.WAV.wav,TEST/DR1/MDAB0/SI1669.PHN,32,1735,1703
44,TEST/DR1/MDAB0/SI2299.WAV.wav,TEST/DR1/MDAB0/SI2299.PHN,40,1775,1735
45,TEST/DR1/MDAB0/SX139.WAV.wav,TEST/DR1/MDAB0/SX139.PHN,40,1815,1775
46,TEST/DR1/MDAB0/SX229.WAV.wav,TEST/DR1/MDAB0/SX229.PHN,25,1840,1815
47,TEST/DR1/MDAB0/SX319.WAV.wav,TEST/DR1/MDAB0/SX319.PHN,37,1877,1840
48,TEST/DR1/MDAB0/SX409.WAV.wav,TEST/DR1/MDAB0/SX409.PHN,49,1926,1877
49,TEST/DR1/MDAB0/SX49.WAV.wav,TEST/DR1/MDAB0/SX49.PHN,36,1962,1926
50,TEST/DR1/MJSW0/SA1.WAV.wav,TEST/DR1/MJSW0/SA1.PHN,36,1998,1962
51,TEST/DR1/MJSW0/SA2.WAV.wav,TEST/DR1/MJSW0/SA2.PHN,33,2031,1998
52,TEST/DR1/MJSW0/SI1010.WAV.wav,TEST/DR1/MJSW0/SI1010.PHN,61,2092,2031
53,TEST/DR1/MJSW0/SI1640.WAV.wav,TEST/DR1/MJSW0/SI1640.PHN,18,2110,2092
54,TEST/DR1/MJSW0/SI2270.WAV.wav,TEST/DR1/MJSW0/SI2270.PHN,30,2140,2110
55,TEST/DR1/MJSW0/SX110.WAV.wav,TEST/DR1/MJSW0/SX110.PHN,44,2184,2140
56,TEST/DR1/MJSW0/SX20.WAV.wav,TEST/DR1/MJSW0/SX20.PHN,27,2211,2184
57,TEST/DR1/MJSW0/SX200.WAV.wav,TEST/DR1/MJSW0/SX200.PHN,39,2250,2211
58,TEST/DR1/MJSW0/SX290.WAV.wav,TEST/DR1/MJSW0/SX290.PHN,52,2302,2250
59,TEST/DR1/MJSW0/SX380.WAV.wav,TEST/DR1/MJSW0/SX380.PHN,30,2332,2302
60,TEST/DR1/MREB0/SA1.WAV.wav,TEST/DR1/MREB0/SA1.PHN,42,2374,2332
61,TEST/DR1/MREB0/SA2.WAV.wav,TEST/DR1/MREB0/SA2.PHN,33,2407,2374
62,TEST/DR1/MREB0/SI1375.WAV.wav,TEST/DR1/MREB0/SI1375.PHN,65,2472,2407
63,TEST/DR1/MREB0/SI2005.WAV.wav,TEST/DR1/MREB0/SI2005.PHN,58,2530,2472
64,TEST/DR1/MREB0/SI745.WAV.wav,TEST/DR1/MREB0/SI745.PHN,22,2552,2530
65,TEST/DR1/MREB0/SX115.WAV.wav,TEST/DR1/MREB0/SX115.PHN,39,2591,2552
66,TEST/DR1/MREB0/SX205.WAV.wav,TEST/DR1/MREB0/SX205.PHN,48,2639,2591
67,TEST/DR1/MREB0/SX25.WAV.wav,TEST/DR1/MREB0/SX25.PHN,23,2662,2639
68,TEST/DR1/MREB0/SX295.WAV.wav,TEST/DR1/MREB0/SX295.PHN,45,2707,2662
69,TEST/DR1/MREB0/SX385.WAV.wav,TEST/DR1/MREB0/SX385.PHN,31,2738,2707
70,TEST/DR1/MRJO0/SA1.WAV.wav,TEST/DR1/MRJO0/SA1.PHN,37,2775,2738
71,TEST/DR1/MRJO0/SA2.WAV.wav,TEST/DR1/MRJO0/SA2.PHN,32,2807,2775
72,TEST/DR1/MRJO0/SI1364.WAV.wav,TEST/DR1/MRJO0/SI1364.PHN,52,2859,2807
73,TEST/DR1/MRJO0/SI1624.WAV.wav,TEST/DR1/MRJO0/SI1624.PHN,22,2881,2859
74,TEST/DR1/MRJO0/SI734.WAV.wav,TEST/DR1/MRJO0/SI734.PHN,59,2940,2881
75,TEST/DR1/MRJO0/SX104.WAV.wav,TEST/DR1/MRJO0/SX104.PHN,23,2963,2940
76,TEST/DR1/MRJO0/SX14.WAV.wav,TEST/DR1/MRJO0/SX14.PHN,35,2998,2963
77,TEST/DR1/MRJO0/SX194.WAV.wav,TEST/DR1/MRJO0/SX194.PHN,21,3019,2998
78,TEST/DR1/MRJO0/SX284.WAV.wav,TEST/DR1/MRJO0/SX284.PHN,42,3061,3019
79,TEST/DR1/MRJO0/SX374.WAV.wav,TEST/DR1/MRJO0/SX374.PHN,24,3085,3061
80,TEST/DR1/MSJS1/SA1.WAV.wav,TEST/DR1/MSJS1/SA1.PHN,36,3121,3085
81,TEST/DR1/MSJS1/SA2.WAV.wav,TEST/DR1/MSJS1/SA2.PHN,32,3153,3121
82,TEST/DR1/MSJS1/SI1899.WAV.wav,TEST/DR1/MSJS1/SI1899.PHN,20,3173,3153
83,TEST/DR1/MSJS1/SI639.WAV.wav,TEST/DR1/MSJS1/SI639.PHN,30,3203,3173
84,TEST/DR1/MSJS1/SI869.WAV.wav,TEST/DR1/MSJS1/SI869.PHN,60,3263,3203
85,TEST/DR1/MSJS1/SX189.WAV.wav,TEST/DR1/MSJS1/SX189.PHN,33,3296,3263
86,TEST/DR1/MSJS1/SX279.WAV.wav,TEST/DR1/MSJS1/SX279.PHN,46,3342,3296
87,TEST/DR1/MSJS1/SX369.WAV.wav,TEST/DR1/MSJS1/SX369.PHN,26,3368,3342
88,TEST/DR1/MSJS1/SX9.WAV.wav,TEST/DR1/MSJS1/SX9.PHN,19,3387,3368
89,TEST/DR1/MSJS1/SX99.WAV.wav,TEST/DR1/MSJS1/SX99.PHN,35,3422,3387
90,TEST/DR1/MSTK0/SA1.WAV.wav,TEST/DR1/MSTK0/SA1.PHN,42,3464,3422
91,TEST/DR1/MSTK0/SA2.WAV.wav,TEST/DR1/MSTK0/SA2.PHN,35,3499,3464
92,TEST/DR1/MSTK0/SI1024.WAV.wav,TEST/DR1/MSTK0/SI1024.PHN,55,3554,3499
93,TEST/DR1/MSTK0/SI2222.WAV.wav,TEST/DR1/MSTK0/SI2222.PHN,44,3598,3554
94,TEST/DR1/MSTK0/SI2284.WAV.wav,TEST/DR1/MSTK0/SI2284.PHN,35,3633,3598
95,TEST/DR1/MSTK0/SX124.WAV.wav,TEST/DR1/MSTK0/SX124.PHN,33,3666,3633
96,TEST/DR1/MSTK0/SX214.WAV.wav,TEST/DR1/MSTK0/SX214.PHN,45,3711,3666
97,TEST/DR1/MSTK0/SX304.WAV.wav,TEST/DR1/MSTK0/SX304.PHN,34,3745,3711
98,TEST/DR1/MSTK0/SX34.WAV.wav,TEST/DR1/MSTK0/SX34.PHN,25,3770,3745
99,TEST/DR1/MSTK0/SX394.WAV.wav,TEST/DR1/MSTK0/SX394.PHN,30,3800,3770
100,TEST/DR1/MWBT0/SA1.WAV.wav,TEST/DR1/MWBT0/SA1.PHN,40,3840,3800
101,TEST/DR1/MWBT0/SA2.WAV.wav,TEST/DR1/MWBT0/SA2.PHN,32,3872,3840
102,TEST/DR1/MWBT0/SI1553.WAV.wav,TEST/DR1/MWBT0/SI1553.PHN,57,3929,3872
103,TEST/DR1/MWBT0/SI2183.WAV.wav,TEST/DR1/MWBT0/SI2183.PHN,17,3946,3929
104,TEST/DR1/MWBT0/SI923.WAV.wav,TEST/DR1/MWBT0/SI923.PHN,40,3986,3946
105,TEST/DR1/MWBT0/SX113.WAV.wav,TEST/DR1/MWBT0/SX113.PHN,36,4022,3986
106,TEST/DR1/MWBT0/SX203.WAV.wav,TEST/DR1/MWBT0/SX203.PHN,36,4058,4022
107,TEST/DR1/MWBT0/SX23.WAV.wav,TEST/DR1/MWBT0/SX23.PHN,32,4090,4058
108,TEST/DR1/MWBT0/SX293.WAV.wav,TEST/DR1/MWBT0/SX293.PHN,45,4135,4090
109,TEST/DR1/MWBT0/SX383.WAV.wav,TEST/DR1/MWBT0/SX383.PHN,41,4176,4135
110,TEST/DR2/FCMR0/SA1.WAV.wav,TEST/DR2/FCMR0/SA1.PHN,39,4215,4176
111,TEST/DR2/FCMR0/SA2.WAV.wav,TEST/DR2/FCMR0/SA2.PHN,34,4249,4215
112,TEST/DR2/FCMR0/SI1105.WAV.wav,TEST/DR2/FCMR0/SI1105.PHN,47,4296,4249
113,TEST/DR2/FCMR0/SI1735.WAV.wav,TEST/DR2/FCMR0/SI1735.PHN,22,4318,4296
114,TEST/DR2/FCMR0/SI475.WAV.wav,TEST/DR2/FCMR0/SI475.PHN,28,4346,4318
115,TEST/DR2/FCMR0/SX115.WAV.wav,TEST/DR2/FCMR0/SX115.PHN,41,4387,4346
116,TEST/DR2/FCMR0/SX205.WAV.wav,TEST/DR2/FCMR0/SX205.PHN,51,4438,4387
117,TEST/DR2/FCMR0/SX25.WAV.wav,TEST/DR2/FCMR0/SX25.PHN,23,4461,4438
118,TEST/DR2/FCMR0/SX295.WAV.wav,TEST/DR2/FCMR0/SX295.PHN,43,4504,4461
119,TEST/DR2/FCMR0/SX385.WAV.wav,TEST/DR2/FCMR0/SX385.PHN,31,4535,4504
120,TEST/DR2/FDRD1/SA1.WAV.wav,TEST/DR2/FDRD1/SA1.PHN,43,4578,4535
121,TEST/DR2/FDRD1/SA2.WAV.wav,TEST/DR2/FDRD1/SA2.PHN,36,4614,4578
122,TEST/DR2/FDRD1/SI1544.WAV.wav,TEST/DR2/FDRD1/SI1544.PHN,39,4653,4614
123,TEST/DR2/FDRD1/SI1566.WAV.wav,TEST/DR2/FDRD1/SI1566.PHN,66,4719,4653
124,TEST/DR2/FDRD1/SI2149.WAV.wav,TEST/DR2/FDRD1/SI2149.PHN,64,4783,4719
125,TEST/DR2/FDRD1/SX104.WAV.wav,TEST/DR2/FDRD1/SX104.PHN,24,4807,4783
126,TEST/DR2/FDRD1/SX14.WAV.wav,TEST/DR2/FDRD1/SX14.PHN,39,4846,4807
127,TEST/DR2/FDRD1/SX194.WAV.wav,TEST/DR2/FDRD1/SX194.PHN,22,4868,4846
128,TEST/DR2/FDRD1/SX284.WAV.wav,TEST/DR2/FDRD1/SX284.PHN,47,4915,4868
129,TEST/DR2/FDRD1/SX374.WAV.wav,TEST/DR2/FDRD1/SX374.PHN,25,4940,4915
130,TEST/DR2/FJAS0/SA1.WAV.wav,TEST/DR2/FJAS0/SA1.PHN,43,4983,4940
131,TEST/DR2/FJAS0/SA2.WAV.wav,TEST/DR2/FJAS0/SA2.PHN,34,5017,4983
132,TEST/DR2/FJAS0/SI1400.WAV.wav,TEST/DR2/FJAS0/SI1400.PHN,44,5061,5017
133,TEST/DR2/FJAS0/SI2030.WAV.wav,TEST/DR2/FJAS0/SI2030.PHN,26,5087,5061
134,TEST/DR2/FJAS0/SI770.WAV.wav,TEST/DR2/FJAS0/SI770.PHN,53,5140,5087
135,TEST/DR2/FJAS0/SX140.WAV.wav,TEST/DR2/FJAS0/SX140.PHN,50,5190,5140
136,TEST/DR2/FJAS0/SX230.WAV.wav,TEST/DR2/FJAS0/SX230.PHN,35,5225,5190
137,TEST/DR2/FJAS0/SX320.WAV.wav,TEST/DR2/FJAS0/SX320.PHN,46,5271,5225
138,TEST/DR2/FJAS0/SX410.WAV.wav,TEST/DR2/FJAS0/SX410.PHN,35,5306,5271
139,TEST/DR2/FJAS0/SX50.WAV.wav,TEST/DR2/FJAS0/SX50.PHN,45,5351,5306
140,TEST/DR2/FJRE0/SA1.WAV.wav,TEST/DR2/FJRE0/SA1.PHN,40,5391,5351
141,TEST/DR2/FJRE0/SA2.WAV.wav,TEST/DR2/FJRE0/SA2.PHN,40,5431,5391
142,TEST/DR2/FJRE0/SI1116.WAV.wav,TEST/DR2/FJRE0/SI1116.PHN,31,5462,5431
143,TEST/DR2/FJRE0/SI1587.WAV.wav,TEST/DR2/FJRE0/SI1587.PHN,63,5525,5462
144,TEST/DR2/FJRE0/SI1746.WAV.wav,TEST/DR2/FJRE0/SI1746.PHN,32,5557,5525
145,TEST/DR2/FJRE0/SX126.WAV.wav,TEST/DR2/FJRE0/SX126.PHN,29,5586,5557
146,TEST/DR2/FJRE0/SX216.WAV.wav,TEST/DR2/FJRE0/SX216.PHN,29,5615,5586
147,TEST/DR2/FJRE0/SX306.WAV.wav,TEST/DR2/FJRE0/SX306.PHN,29,5644,5615
148,TEST/DR2/FJRE0/SX36.WAV.wav,TEST/DR2/FJRE0/SX36.PHN,50,5694,5644
149,TEST/DR2/FJRE0/SX396.WAV.wav,TEST/DR2/FJRE0/SX396.PHN,53,5747,5694
150,TEST/DR2/FJWB0/SA1.WAV.wav,TEST/DR2/FJWB0/SA1.PHN,42,5789,5747
151,TEST/DR2/FJWB0/SA2.WAV.wav,TEST/DR2/FJWB0/SA2.PHN,31,5820,5789
152,TEST/DR2/FJWB0/SI1265.WAV.wav,TEST/DR2/FJWB0/SI1265.PHN,34,5854,5820
153,TEST/DR2/FJWB0/SI635.WAV.wav,TEST/DR2/FJWB0/SI635.PHN,59,5913,5854
154,TEST/DR2/FJWB0/SI992.WAV.wav,TEST/DR2/FJWB0/SI992.PHN,61,5974,5913
155,TEST/DR2/FJWB0/SX185.WAV.wav,TEST/DR2/FJWB0/SX185.PHN,26,6000,5974
156,TEST/DR2/FJWB0/SX275.WAV.wav,TEST/DR2/FJWB0/SX275.PHN,33,6033,6000
157,TEST/DR2/FJWB0/SX365.WAV.wav,TEST/DR2/FJWB0/SX365.PHN,48,6081,6033
158,TEST/DR2/FJWB0/SX5.WAV.wav,TEST/DR2/FJWB0/SX5.PHN,16,6097,6081
159,TEST/DR2/FJWB0/SX95.WAV.wav,TEST/DR2/FJWB0/SX95.PHN,39,6136,6097
160,TEST/DR2/FPAS0/SA1.WAV.wav,TEST/DR2/FPAS0/SA1.PHN,37,6173,6136
161,TEST/DR2/FPAS0/SA2.WAV.wav,TEST/DR2/FPAS0/SA2.PHN,33,6206,6173
162,TEST/DR2/FPAS0/SI1272.WAV.wav,TEST/DR2/FPAS0/SI1272.PHN,24,6230,6206
163,TEST/DR2/FPAS0/SI2204.WAV.wav,TEST/DR2/FPAS0/SI2204.PHN,60,6290,6230
164,TEST/DR2/FPAS0/SI944.WAV.wav,TEST/DR2/FPAS0/SI944.PHN,37,6327,6290
165,TEST/DR2/FPAS0/SX134.WAV.wav,TEST/DR2/FPAS0/SX134.PHN,44,6371,6327
166,TEST/DR2/FPAS0/SX224.WAV.wav,TEST/DR2/FPAS0/SX224.PHN,20,6391,6371
167,TEST/DR2/FPAS0/SX314.WAV.wav,TEST/DR2/FPAS0/SX314.PHN,43,6434,6391
168,TEST/DR2/FPAS0/SX404.WAV.wav,TEST/DR2/FPAS0/SX404.PHN,34,6468,6434
169,TEST/DR2/FPAS0/SX44.WAV.wav,TEST/DR2/FPAS0/SX44.PHN,39,6507,6468
170,TEST/DR2/FRAM1/SA1.WAV.wav,TEST/DR2/FRAM1/SA1.PHN,41,6548,6507
171,TEST/DR2/FRAM1/SA2.WAV.wav,TEST/DR2/FRAM1/SA2.PHN,33,6581,6548
172,TEST/DR2/FRAM1/SI1360.WAV.wav,TEST/DR2/FRAM1/SI1360.PHN,35,6616,6581
173,TEST/DR2/FRAM1/SI522.WAV.wav,TEST/DR2/FRAM1/SI522.PHN,62,6678,6616
174,TEST/DR2/FRAM1/SI730.WAV.wav,TEST/DR2/FRAM1/SI730.PHN,48,6726,6678
175,TEST/DR2/FRAM1/SX10.WAV.wav,TEST/DR2/FRAM1/SX10.PHN,28,6754,6726
176,TEST/DR2/FRAM1/SX100.WAV.wav,TEST/DR2/FRAM1/SX100.PHN,38,6792,6754
177,TEST/DR2/FRAM1/SX190.WAV.wav,TEST/DR2/FRAM1/SX190.PHN,28,6820,6792
178,TEST/DR2/FRAM1/SX280.WAV.wav,TEST/DR2/FRAM1/SX280.PHN,17,6837,6820
179,TEST/DR2/FRAM1/SX370.WAV.wav,TEST/DR2/FRAM1/SX370.PHN,35,6872,6837
180,TEST/DR2/FSLB1/SA1.WAV.wav,TEST/DR2/FSLB1/SA1.PHN,44,6916,6872
181,TEST/DR2/FSLB1/SA2.WAV.wav,TEST/DR2/FSLB1/SA2.PHN,39,6955,6916
182,TEST/DR2/FSLB1/SI1904.WAV.wav,TEST/DR2/FSLB1/SI1904.PHN,40,6995,6955
183,TEST/DR2/FSLB1/SI644.WAV.wav,TEST/DR2/FSLB1/SI644.PHN,30,7025,6995
184,TEST/DR2/FSLB1/SI891.WAV.wav,TEST/DR2/FSLB1/SI891.PHN,64,7089,7025
185,TEST/DR2/FSLB1/SX104.WAV.wav,TEST/DR2/FSLB1/SX104.PHN,25,7114,7089
186,TEST/DR2/FSLB1/SX14.WAV.wav,TEST/DR2/FSLB1/SX14.PHN,39,7153,7114
187,TEST/DR2/FSLB1/SX194.WAV.wav,TEST/DR2/FSLB1/SX194.PHN,24,7177,7153
188,TEST/DR2/FSLB1/SX284.WAV.wav,TEST/DR2/FSLB1/SX284.PHN,44,7221,7177
189,TEST/DR2/FSLB1/SX374.WAV.wav,TEST/DR2/FSLB1/SX374.PHN,27,7248,7221
190,TEST/DR2/MABW0/SA1.WAV.wav,TEST/DR2/MABW0/SA1.PHN,41,7289,7248
191,TEST/DR2/MABW0/SA2.WAV.wav,TEST/DR2/MABW0/SA2.PHN,33,7322,7289
192,TEST/DR2/MABW0/SI1230.WAV.wav,TEST/DR2/MABW0/SI1230.PHN,65,7387,7322
193,TEST/DR2/MABW0/SI1664.WAV.wav,TEST/DR2/MABW0/SI1664.PHN,24,7411,7387
194,TEST/DR2/MABW0/SI2294.WAV.wav,TEST/DR2/MABW0/SI2294.PHN,35,7446,7411
195,TEST/DR2/MABW0/SX134.WAV.wav,TEST/DR2/MABW0/SX134.PHN,45,7491,7446
196,TEST/DR2/MABW0/SX224.WAV.wav,TEST/DR2/MABW0/SX224.PHN,20,7511,7491
197,TEST/DR2/MABW0/SX314.WAV.wav,TEST/DR2/MABW0/SX314.PHN,44,7555,7511
198,TEST/DR2/MABW0/SX404.WAV.wav,TEST/DR2/MABW0/SX404.PHN,33,7588,7555
199,TEST/DR2/MABW0/SX44.WAV.wav,TEST/DR2/MABW0/SX44.PHN,37,7625,7588
200,TEST/DR2/MBJK0/SA1.WAV.wav,TEST/DR2/MBJK0/SA1.PHN,43,7668,7625
201,TEST/DR2/MBJK0/SA2.WAV.wav,TEST/DR2/MBJK0/SA2.PHN,38,7706,7668
202,TEST/DR2/MBJK0/SI1175.WAV.wav,TEST/DR2/MBJK0/SI1175.PHN,44,7750,7706
203,TEST/DR2/MBJK0/SI2128.WAV.wav,TEST/DR2/MBJK0/SI2128.PHN,64,7814,7750
204,TEST/DR2/MBJK0/SI545.WAV.wav,TEST/DR2/MBJK0/SI545.PHN,24,7838,7814
205,TEST/DR2/MBJK0/SX185.WAV.wav,TEST/DR2/MBJK0/SX185.PHN,26,7864,7838
206,TEST/DR2/MBJK0/SX275.WAV.wav,TEST/DR2/MBJK0/SX275.PHN,36,7900,7864
207,TEST/DR2/MBJK0/SX365.WAV.wav,TEST/DR2/MBJK0/SX365.PHN,49,7949,7900
208,TEST/DR2/MBJK0/SX5.WAV.wav,TEST/DR2/MBJK0/SX5.PHN,17,7966,7949
209,TEST/DR2/MBJK0/SX95.WAV.wav,TEST/DR2/MBJK0/SX95.PHN,39,8005,7966
210,TEST/DR2/MCCS0/SA1.WAV.wav,TEST/DR2/MCCS0/SA1.PHN,41,8046,8005
211,TEST/DR2/MCCS0/SA2.WAV.wav,TEST/DR2/MCCS0/SA2.PHN,35,8081,8046
212,TEST/DR2/MCCS0/SI1469.WAV.wav,TEST/DR2/MCCS0/SI1469.PHN,65,8146,8081
213,TEST/DR2/MCCS0/SI2099.WAV.wav,TEST/DR2/MCCS0/SI2099.PHN,27,8173,8146
214,TEST/DR2/MCCS0/SI839.WAV.wav,TEST/DR2/MCCS0/SI839.PHN,57,8230,8173
215,TEST/DR2/MCCS0/SX119.WAV.wav,TEST/DR2/MCCS0/SX119.PHN,42,8272,8230
216,TEST/DR2/MCCS0/SX209.WAV.wav,TEST/DR2/MCCS0/SX209.PHN,40,8312,8272
217,TEST/DR2/MCCS0/SX29.WAV.wav,TEST/DR2/MCCS0/SX29.PHN,33,8345,8312
218,TEST/DR2/MCCS0/SX299.WAV.wav,TEST/DR2/MCCS0/SX299.PHN,38,8383,8345
219,TEST/DR2/MCCS0/SX389.WAV.wav,TEST/DR2/MCCS0/SX389.PHN,36,8419,8383
220,TEST/DR2/MCEM0/SA1.WAV.wav,TEST/DR2/MCEM0/SA1.PHN,37,8456,8419
221,TEST/DR2/MCEM0/SA2.WAV.wav,TEST/DR2/MCEM0/SA2.PHN,31,8487,8456
222,TEST/DR2/MCEM0/SI1398.WAV.wav,TEST/DR2/MCEM0/SI1398.PHN,27,8514,8487
223,TEST/DR2/MCEM0/SI2028.WAV.wav,TEST/DR2/MCEM0/SI2028.PHN,63,8577,8514
224,TEST/DR2/MCEM0/SI768.WAV.wav,TEST/DR2/MCEM0/SI768.PHN,52,8629,8577
225,TEST/DR2/MCEM0/SX138.WAV.wav,TEST/DR2/MCEM0/SX138.PHN,47,8676,8629
226,TEST/DR2/MCEM0/SX228.WAV.wav,TEST/DR2/MCEM0/SX228.PHN,24,8700,8676
227,TEST/DR2/MCEM0/SX318.WAV.wav,TEST/DR2/MCEM0/SX318.PHN,34,8734,8700
228,TEST/DR2/MCEM0/SX408.WAV.wav,TEST/DR2/MCEM0/SX408.PHN,36,8770,8734
229,TEST/DR2/MCEM0/SX48.WAV.wav,TEST/DR2/MCEM0/SX48.PHN,39,8809,8770
230,TEST/DR2/MDBB0/SA1.WAV.wav,TEST/DR2/MDBB0/SA1.PHN,42,8851,8809
231,TEST/DR2/MDBB0/SA2.WAV.wav,TEST/DR2/MDBB0/SA2.PHN,35,8886,8851
232,TEST/DR2/MDBB0/SI1195.WAV.wav,TEST/DR2/MDBB0/SI1195.PHN,39,8925,8886
233,TEST/DR2/MDBB0/SI1825.WAV.wav,TEST/DR2/MDBB0/SI1825.PHN,60,8985,8925
234,TEST/DR2/MDBB0/SI565.WAV.wav,TEST/DR2/MDBB0/SI565.PHN,46,9031,8985
235,TEST/DR2/MDBB0/SX115.WAV.wav,TEST/DR2/MDBB0/SX115.PHN,40,9071,9031
236,TEST/DR2/MDBB0/SX205.WAV.wav,TEST/DR2/MDBB0/SX205.PHN,53,9124,9071
237,TEST/DR2/MDBB0/SX25.WAV.wav,TEST/DR2/MDBB0/SX25.PHN,24,9148,9124
238,TEST/DR2/MDBB0/SX295.WAV.wav,TEST/DR2/MDBB0/SX295.PHN,46,9194,9148
239,TEST/DR2/MDBB0/SX385.WAV.wav,TEST/DR2/MDBB0/SX385.PHN,29,9223,9194
240,TEST/DR2/MDLD0/SA1.WAV.wav,TEST/DR2/MDLD0/SA1.PHN,43,9266,9223
241,TEST/DR2/MDLD0/SA2.WAV.wav,TEST/DR2/MDLD0/SA2.PHN,37,9303,9266
242,TEST/DR2/MDLD0/SI1543.WAV.wav,TEST/DR2/MDLD0/SI1543.PHN,14,9317,9303
243,TEST/DR2/MDLD0/SI2173.WAV.wav,TEST/DR2/MDLD0/SI2173.PHN,63,9380,9317
244,TEST/DR2/MDLD0/SI913.WAV.wav,TEST/DR2/MDLD0/SI913.PHN,51,9431,9380
245,TEST/DR2/MDLD0/SX103.WAV.wav,TEST/DR2/MDLD0/SX103.PHN,40,9471,9431
246,TEST/DR2/MDLD0/SX13.WAV.wav,TEST/DR2/MDLD0/SX13.PHN,23,9494,9471
247,TEST/DR2/MDLD0/SX193.WAV.wav,TEST/DR2/MDLD0/SX193.PHN,25,9519,9494
248,TEST/DR2/MDLD0/SX283.WAV.wav,TEST/DR2/MDLD0/SX283.PHN,51,9570,9519
249,TEST/DR2/MDLD0/SX373.WAV.wav,TEST/DR2/MDLD0/SX373.PHN,36,9606,9570
250,TEST/DR2/MGWT0/SA1.WAV.wav,TEST/DR2/MGWT0/SA1.PHN,41,9647,9606
251,TEST/DR2/MGWT0/SA2.WAV.wav,TEST/DR2/MGWT0/SA2.PHN,35,9682,9647
252,TEST/DR2/MGWT0/SI1539.WAV.wav,TEST/DR2/MGWT0/SI1539.PHN,35,9717,9682
253,TEST/DR2/MGWT0/SI2169.WAV.wav,TEST/DR2/MGWT0/SI2169.PHN,57,9774,9717
254,TEST/DR2/MGWT0/SI909.WAV.wav,TEST/DR2/MGWT0/SI909.PHN,52,9826,9774
255,TEST/DR2/MGWT0/SX189.WAV.wav,TEST/DR2/MGWT0/SX189.PHN,35,9861,9826
256,TEST/DR2/MGWT0/SX279.WAV.wav,TEST/DR2/MGWT0/SX279.PHN,50,9911,9861
257,TEST/DR2/MGWT0/SX369.WAV.wav,TEST/DR2/MGWT0/SX369.PHN,29,9940,9911
258,TEST/DR2/MGWT0/SX9.WAV.wav,TEST/DR2/MGWT0/SX9.PHN,22,9962,9940
259,TEST/DR2/MGWT0/SX99.WAV.wav,TEST/DR2/MGWT0/SX99.PHN,38,10000,9962
260,TEST/DR2/MJAR0/SA1.WAV.wav,TEST/DR2/MJAR0/SA1.PHN,42,10042,10000
261,TEST/DR2/MJAR0/SA2.WAV.wav,TEST/DR2/MJAR0/SA2.PHN,34,10076,10042
262,TEST/DR2/MJAR0/SI1988.WAV.wav,TEST/DR2/MJAR0/SI1988.PHN,23,10099,10076
263,TEST/DR2/MJAR0/SI2247.WAV.wav,TEST/DR2/MJAR0/SI2247.PHN,18,10117,10099
264,TEST/DR2/MJAR0/SI728.WAV.wav,TEST/DR2/MJAR0/SI728.PHN,52,10169,10117
265,TEST/DR2/MJAR0/SX188.WAV.wav,TEST/DR2/MJAR0/SX188.PHN,38,10207,10169
266,TEST/DR2/MJAR0/SX278.WAV.wav,TEST/DR2/MJAR0/SX278.PHN,50,10257,10207
267,TEST/DR2/MJAR0/SX368.WAV.wav,TEST/DR2/MJAR0/SX368.PHN,54,10311,10257
268,TEST/DR2/MJAR0/SX8.WAV.wav,TEST/DR2/MJAR0/SX8.PHN,23,10334,10311
269,TEST/DR2/MJAR0/SX98.WAV.wav,TEST/DR2/MJAR0/SX98.PHN,23,10357,10334
270,TEST/DR2/MMDB1/SA1.WAV.wav,TEST/DR2/MMDB1/SA1.PHN,41,10398,10357
271,TEST/DR2/MMDB1/SA2.WAV.wav,TEST/DR2/MMDB1/SA2.PHN,33,10431,10398
272,TEST/DR2/MMDB1/SI1625.WAV.wav,TEST/DR2/MMDB1/SI1625.PHN,26,10457,10431
273,TEST/DR2/MMDB1/SI2255.WAV.wav,TEST/DR2/MMDB1/SI2255.PHN,49,10506,10457
274,TEST/DR2/MMDB1/SI995.WAV.wav,TEST/DR2/MMDB1/SI995.PHN,58,10564,10506
275,TEST/DR2/MMDB1/SX185.WAV.wav,TEST/DR2/MMDB1/SX185.PHN,27,10591,10564
276,TEST/DR2/MMDB1/SX275.WAV.wav,TEST/DR2/MMDB1/SX275.PHN,34,10625,10591
277,TEST/DR2/MMDB1/SX365.WAV.wav,TEST/DR2/MMDB1/SX365.PHN,49,10674,10625
278,TEST/DR2/MMDB1/SX5.WAV.wav,TEST/DR2/MMDB1/SX5.PHN,16,10690,10674
279,TEST/DR2/MMDB1/SX95.WAV.wav,TEST/DR2/MMDB1/SX95.PHN,43,10733,10690
280,TEST/DR2/MMDM2/SA1.WAV.wav,TEST/DR2/MMDM2/SA1.PHN,39,10772,10733
281,TEST/DR2/MMDM2/SA2.WAV.wav,TEST/DR2/MMDM2/SA2.PHN,35,10807,10772
282,TEST/DR2/MMDM2/SI1452.WAV.wav,TEST/DR2/MMDM2/SI1452.PHN,63,10870,10807
283,TEST/DR2/MMDM2/SI1555.WAV.wav,TEST/DR2/MMDM2/SI1555.PHN,20,10890,10870
284,TEST/DR2/MMDM2/SI2082.WAV.wav,TEST/DR2/MMDM2/SI2082.PHN,21,10911,10890
285,TEST/DR2/MMDM2/SX102.WAV.wav,TEST/DR2/MMDM2/SX102.PHN,48,10959,10911
286,TEST/DR2/MMDM2/SX12.WAV.wav,TEST/DR2/MMDM2/SX12.PHN,20,10979,10959
287,TEST/DR2/MMDM2/SX192.WAV.wav,TEST/DR2/MMDM2/SX192.PHN,26,11005,10979
288,TEST/DR2/MMDM2/SX282.WAV.wav,TEST/DR2/MMDM2/SX282.PHN,41,11046,11005
289,TEST/DR2/MMDM2/SX372.WAV.wav,TEST/DR2/MMDM2/SX372.PHN,39,11085,11046
290,TEST/DR2/MPDF0/SA1.WAV.wav,TEST/DR2/MPDF0/SA1.PHN,42,11127,11085
291,TEST/DR2/MPDF0/SA2.WAV.wav,TEST/DR2/MPDF0/SA2.PHN,35,11162,11127
292,TEST/DR2/MPDF0/SI1542.WAV.wav,TEST/DR2/MPDF0/SI1542.PHN,40,11202,11162
293,TEST/DR2/MPDF0/SI2172.WAV.wav,TEST/DR2/MPDF0/SI2172.PHN,43,11245,11202
294,TEST/DR2/MPDF0/SI912.WAV.wav,TEST/DR2/MPDF0/SI912.PHN,36,11281,11245
295,TEST/DR2/MPDF0/SX102.WAV.wav,TEST/DR2/MPDF0/SX102.PHN,52,11333,11281
296,TEST/DR2/MPDF0/SX12.WAV.wav,TEST/DR2/MPDF0/SX12.PHN,25,11358,11333
297,TEST/DR2/MPDF0/SX192.WAV.wav,TEST/DR2/MPDF0/SX192.PHN,26,11384,11358
298,TEST/DR2/MPDF0/SX282.WAV.wav,TEST/DR2/MPDF0/SX282.PHN,40,11424,11384
299,TEST/DR2/MPDF0/SX372.WAV.wav,TEST/DR2/MPDF0/SX372.PHN,39,11463,11424
300,TEST/DR2/MPGL0/SA1.WAV.wav,TEST/DR2/MPGL0/SA1.PHN,41,11504,11463
301,TEST/DR2/MPGL0/SA2.WAV.wav,TEST/DR2/MPGL0/SA2.PHN,34,11538,11504
302,TEST/DR2/MPGL0/SI1099.WAV.wav,TEST/DR2/MPGL0/SI1099.PHN,35,11573,11538
303,TEST/DR2/MPGL0/SI1729.WAV.wav,TEST/DR2/MPGL0/SI1729.PHN,40,11613,11573
304,TEST/DR2/MPGL0/SI469.WAV.wav,TEST/DR2/MPGL0/SI469.PHN,37,11650,11613
305,TEST/DR2/MPGL0/SX109.WAV.wav,TEST/DR2/MPGL0/SX109.PHN,41,11691,11650
306,TEST/DR2/MPGL0/SX19.WAV.wav,TEST/DR2/MPGL0/SX19.PHN,36,11727,11691
307,TEST/DR2/MPGL0/SX199.WAV.wav,TEST/DR2/MPGL0/SX199.PHN,51,11778,11727
308,TEST/DR2/MPGL0/SX289.WAV.wav,TEST/DR2/MPGL0/SX289.PHN,39,11817,11778
309,TEST/DR2/MPGL0/SX379.WAV.wav,TEST/DR2/MPGL0/SX379.PHN,33,11850,11817
310,TEST/DR2/MRCZ0/SA1.WAV.wav,TEST/DR2/MRCZ0/SA1.PHN,39,11889,11850
311,TEST/DR2/MRCZ0/SA2.WAV.wav,TEST/DR2/MRCZ0/SA2.PHN,36,11925,11889
312,TEST/DR2/MRCZ0/SI1541.WAV.wav,TEST/DR2/MRCZ0/SI1541.PHN,48,11973,11925
313,TEST/DR2/MRCZ0/SI2171.WAV.wav,TEST/DR2/MRCZ0/SI2171.PHN,24,11997,11973
314,TEST/DR2/MRCZ0/SI911.WAV.wav,TEST/DR2/MRCZ0/SI911.PHN,35,12032,11997
315,TEST/DR2/MRCZ0/SX101.WAV.wav,TEST/DR2/MRCZ0/SX101.PHN,52,12084,12032
316,TEST/DR2/MRCZ0/SX11.WAV.wav,TEST/DR2/MRCZ0/SX11.PHN,19,12103,12084
317,TEST/DR2/MRCZ0/SX191.WAV.wav,TEST/DR2/MRCZ0/SX191.PHN,36,12139,12103
318,TEST/DR2/MRCZ0/SX281.WAV.wav,TEST/DR2/MRCZ0/SX281.PHN,40,12179,12139
319,TEST/DR2/MRCZ0/SX371.WAV.wav,TEST/DR2/MRCZ0/SX371.PHN,40,12219,12179
320,TEST/DR2/MRGG0/SA1.WAV.wav,TEST/DR2/MRGG0/SA1.PHN,41,12260,12219
321,TEST/DR2/MRGG0/SA2.WAV.wav,TEST/DR2/MRGG0/SA2.PHN,37,12297,12260
322,TEST/DR2/MRGG0/SI1199.WAV.wav,TEST/DR2/MRGG0/SI1199.PHN,24,12321,12297
323,TEST/DR2/MRGG0/SI1829.WAV.wav,TEST/DR2/MRGG0/SI1829.PHN,65,12386,12321
324,TEST/DR2/MRGG0/SI569.WAV.wav,TEST/DR2/MRGG0/SI569.PHN,30,12416,12386
325,TEST/DR2/MRGG0/SX119.WAV.wav,TEST/DR2/MRGG0/SX119.PHN,41,12457,12416
326,TEST/DR2/MRGG0/SX209.WAV.wav,TEST/DR2/MRGG0/SX209.PHN,36,12493,12457
327,TEST/DR2/MRGG0/SX29.WAV.wav,TEST/DR2/MRGG0/SX29.PHN,36,12529,12493
328,TEST/DR2/MRGG0/SX299.WAV.wav,TEST/DR2/MRGG0/SX299.PHN,37,12566,12529
329,TEST/DR2/MRGG0/SX389.WAV.wav,TEST/DR2/MRGG0/SX389.PHN,34,12600,12566
330,TEST/DR2/MTAS1/SA1.WAV.wav,TEST/DR2/MTAS1/SA1.PHN,40,12640,12600
331,TEST/DR2/MTAS1/SA2.WAV.wav,TEST/DR2/MTAS1/SA2.PHN,37,12677,12640
332,TEST/DR2/MTAS1/SI1473.WAV.wav,TEST/DR2/MTAS1/SI1473.PHN,19,12696,12677
333,TEST/DR2/MTAS1/SI2098.WAV.wav,TEST/DR2/MTAS1/SI2098.PHN,39,12735,12696
334,TEST/DR2/MTAS1/SI838.WAV.wav,TEST/DR2/MTAS1/SI838.PHN,42,12777,12735
335,TEST/DR2/MTAS1/SX118.WAV.wav,TEST/DR2/MTAS1/SX118.PHN,38,12815,12777
336,TEST/DR2/MTAS1/SX208.WAV.wav,TEST/DR2/MTAS1/SX208.PHN,42,12857,12815
337,TEST/DR2/MTAS1/SX28.WAV.wav,TEST/DR2/MTAS1/SX28.PHN,32,12889,12857
338,TEST/DR2/MTAS1/SX298.WAV.wav,TEST/DR2/MTAS1/SX298.PHN,39,12928,12889
339,TEST/DR2/MTAS1/SX388.WAV.wav,TEST/DR2/MTAS1/SX388.PHN,50,12978,12928
340,TEST/DR2/MTMR0/SA1.WAV.wav,TEST/DR2/MTMR0/SA1.PHN,37,13015,12978
341,TEST/DR2/MTMR0/SA2.WAV.wav,TEST/DR2/MTMR0/SA2.PHN,34,13049,13015
342,TEST/DR2/MTMR0/SI1303.WAV.wav,TEST/DR2/MTMR0/SI1303.PHN,61,13110,13049
343,TEST/DR2/MTMR0/SI1933.WAV.wav,TEST/DR2/MTMR0/SI1933.PHN,32,13142,13110
344,TEST/DR2/MTMR0/SI673.WAV.wav,TEST/DR2/MTMR0/SI673.PHN,57,13199,13142
345,TEST/DR2/MTMR0/SX133.WAV.wav,TEST/DR2/MTMR0/SX133.PHN,37,13236,13199
346,TEST/DR2/MTMR0/SX223.WAV.wav,TEST/DR2/MTMR0/SX223.PHN,32,13268,13236
347,TEST/DR2/MTMR0/SX313.WAV.wav,TEST/DR2/MTMR0/SX313.PHN,35,13303,13268
348,TEST/DR2/MTMR0/SX403.WAV.wav,TEST/DR2/MTMR0/SX403.PHN,41,13344,13303
349,TEST/DR2/MTMR0/SX43.WAV.wav,TEST/DR2/MTMR0/SX43.PHN,33,13377,13344
350,TEST/DR2/MWEW0/SA1.WAV.wav,TEST/DR2/MWEW0/SA1.PHN,38,13415,13377
351,TEST/DR2/MWEW0/SA2.WAV.wav,TEST/DR2/MWEW0/SA2.PHN,33,13448,13415
352,TEST/DR2/MWEW0/SI1361.WAV.wav,TEST/DR2/MWEW0/SI1361.PHN,37,13485,13448
353,TEST/DR2/MWEW0/SI1991.WAV.wav,TEST/DR2/MWEW0/SI1991.PHN,58,13543,13485
354,TEST/DR2/MWEW0/SI731.WAV.wav,TEST/DR2/MWEW0/SI731.PHN,24,13567,13543
355,TEST/DR2/MWEW0/SX101.WAV.wav,TEST/DR2/MWEW0/SX101.PHN,51,13618,13567
356,TEST/DR2/MWEW0/SX11.WAV.wav,TEST/DR2/MWEW0/SX11.PHN,15,13633,13618
357,TEST/DR2/MWEW0/SX191.WAV.wav,TEST/DR2/MWEW0/SX191.PHN,32,13665,13633
358,TEST/DR2/MWEW0/SX281.WAV.wav,TEST/DR2/MWEW0/SX281.PHN,38,13703,13665
359,TEST/DR2/MWEW0/SX371.WAV.wav,TEST/DR2/MWEW0/SX371.PHN,40,13743,13703
360,TEST/DR2/MWVW0/SA1.WAV.wav,TEST/DR2/MWVW0/SA1.PHN,41,13784,13743
361,TEST/DR2/MWVW0/SA2.WAV.wav,TEST/DR2/MWVW0/SA2.PHN,33,13817,13784
362,TEST/DR2/MWVW0/SI1476.WAV.wav,TEST/DR2/MWVW0/SI1476.PHN,21,13838,13817
363,TEST/DR2/MWVW0/SI2106.WAV.wav,TEST/DR2/MWVW0/SI2106.PHN,45,13883,13838
364,TEST/DR2/MWVW0/SI846.WAV.wav,TEST/DR2/MWVW0/SI846.PHN,60,13943,13883
365,TEST/DR2/MWVW0/SX126.WAV.wav,TEST/DR2/MWVW0/SX126.PHN,30,13973,13943
366,TEST/DR2/MWVW0/SX216.WAV.wav,TEST/DR2/MWVW0/SX216.PHN,29,14002,13973
367,TEST/DR2/MWVW0/SX306.WAV.wav,TEST/DR2/MWVW0/SX306.PHN,28,14030,14002
368,TEST/DR2/MWVW0/SX36.WAV.wav,TEST/DR2/MWVW0/SX36.PHN,48,14078,14030
369,TEST/DR2/MWVW0/SX396.WAV.wav,TEST/DR2/MWVW0/SX396.PHN,52,14130,14078
370,TEST/DR3/FCMH0/SA1.WAV.wav,TEST/DR3/FCMH0/SA1.PHN,41,14171,14130
371,TEST/DR3/FCMH0/SA2.WAV.wav,TEST/DR3/FCMH0/SA2.PHN,37,14208,14171
372,TEST/DR3/FCMH0/SI1454.WAV.wav,TEST/DR3/FCMH0/SI1454.PHN,64,14272,14208
373,TEST/DR3/FCMH0/SI2084.WAV.wav,TEST/DR3/FCMH0/SI2084.PHN,20,14292,14272
374,TEST/DR3/FCMH0/SI824.WAV.wav,TEST/DR3/FCMH0/SI824.PHN,60,14352,14292
375,TEST/DR3/FCMH0/SX104.WAV.wav,TEST/DR3/FCMH0/SX104.PHN,27,14379,14352
376,TEST/DR3/FCMH0/SX14.WAV.wav,TEST/DR3/FCMH0/SX14.PHN,37,14416,14379
377,TEST/DR3/FCMH0/SX194.WAV.wav,TEST/DR3/FCMH0/SX194.PHN,23,14439,14416
378,TEST/DR3/FCMH0/SX284.WAV.wav,TEST/DR3/FCMH0/SX284.PHN,47,14486,14439
379,TEST/DR3/FCMH0/SX374.WAV.wav,TEST/DR3/FCMH0/SX374.PHN,27,14513,14486
380,TEST/DR3/FKMS0/SA1.WAV.wav,TEST/DR3/FKMS0/SA1.PHN,40,14553,14513
381,TEST/DR3/FKMS0/SA2.WAV.wav,TEST/DR3/FKMS0/SA2.PHN,33,14586,14553
382,TEST/DR3/FKMS0/SI1490.WAV.wav,TEST/DR3/FKMS0/SI1490.PHN,35,14621,14586
383,TEST/DR3/FKMS0/SI2120.WAV.wav,TEST/DR3/FKMS0/SI2120.PHN,46,14667,14621
384,TEST/DR3/FKMS0/SI860.WAV.wav,TEST/DR3/FKMS0/SI860.PHN,43,14710,14667
385,TEST/DR3/FKMS0/SX140.WAV.wav,TEST/DR3/FKMS0/SX140.PHN,49,14759,14710
386,TEST/DR3/FKMS0/SX230.WAV.wav,TEST/DR3/FKMS0/SX230.PHN,33,14792,14759
387,TEST/DR3/FKMS0/SX320.WAV.wav,TEST/DR3/FKMS0/SX320.PHN,45,14837,14792
388,TEST/DR3/FKMS0/SX410.WAV.wav,TEST/DR3/FKMS0/SX410.PHN,34,14871,14837
389,TEST/DR3/FKMS0/SX50.WAV.wav,TEST/DR3/FKMS0/SX50.PHN,47,14918,14871
390,TEST/DR3/FPKT0/SA1.WAV.wav,TEST/DR3/FPKT0/SA1.PHN,40,14958,14918
391,TEST/DR3/FPKT0/SA2.WAV.wav,TEST/DR3/FPKT0/SA2.PHN,32,14990,14958
392,TEST/DR3/FPKT0/SI1538.WAV.wav,TEST/DR3/FPKT0/SI1538.PHN,49,15039,14990
393,TEST/DR3/FPKT0/SI2168.WAV.wav,TEST/DR3/FPKT0/SI2168.PHN,25,15064,15039
394,TEST/DR3/FPKT0/SI908.WAV.wav,TEST/DR3/FPKT0/SI908.PHN,31,15095,15064
395,TEST/DR3/FPKT0/SX188.WAV.wav,TEST/DR3/FPKT0/SX188.PHN,35,15130,15095
396,TEST/DR3/FPKT0/SX278.WAV.wav,TEST/DR3/FPKT0/SX278.PHN,50,15180,15130
397,TEST/DR3/FPKT0/SX368.WAV.wav,TEST/DR3/FPKT0/SX368.PHN,51,15231,15180
398,TEST/DR3/FPKT0/SX8.WAV.wav,TEST/DR3/FPKT0/SX8.PHN,23,15254,15231
399,TEST/DR3/FPKT0/SX98.WAV.wav,TEST/DR3/FPKT0/SX98.PHN,24,15278,15254
400,TEST/DR3/MBDG0/SA1.WAV.wav,TEST/DR3/MBDG0/SA1.PHN,41,15319,15278
401,TEST/DR3/MBDG0/SA2.WAV.wav,TEST/DR3/MBDG0/SA2.PHN,33,15352,15319
402,TEST/DR3/MBDG0/SI1463.WAV.wav,TEST/DR3/MBDG0/SI1463.PHN,41,15393,15352
403,TEST/DR3/MBDG0/SI2093.WAV.wav,TEST/DR3/MBDG0/SI2093.PHN,54,15447,15393
404,TEST/DR3/MBDG0/SI833.WAV.wav,TEST/DR3/MBDG0/SI833.PHN,23,15470,15447
405,TEST/DR3/MBDG0/SX113.WAV.wav,TEST/DR3/MBDG0/SX113.PHN,34,15504,15470
406,TEST/DR3/MBDG0/SX203.WAV.wav,TEST/DR3/MBDG0/SX203.PHN,32,15536,15504
407,TEST/DR3/MBDG0/SX23.WAV.wav,TEST/DR3/MBDG0/SX23.PHN,33,15569,15536
408,TEST/DR3/MBDG0/SX293.WAV.wav,TEST/DR3/MBDG0/SX293.PHN,46,15615,15569
409,TEST/DR3/MBDG0/SX383.WAV.wav,TEST/DR3/MBDG0/SX383.PHN,36,15651,15615
410,TEST/DR3/MBWM0/SA1.WAV.wav,TEST/DR3/MBWM0/SA1.PHN,37,15688,15651
411,TEST/DR3/MBWM0/SA2.WAV.wav,TEST/DR3/MBWM0/SA2.PHN,32,15720,15688
412,TEST/DR3/MBWM0/SI1304.WAV.wav,TEST/DR3/MBWM0/SI1304.PHN,37,15757,15720
413,TEST/DR3/MBWM0/SI1934.WAV.wav,TEST/DR3/MBWM0/SI1934.PHN,13,15770,15757
414,TEST/DR3/MBWM0/SI674.WAV.wav,TEST/DR3/MBWM0/SI674.PHN,66,15836,15770
415,TEST/DR3/MBWM0/SX134.WAV.wav,TEST/DR3/MBWM0/SX134.PHN,47,15883,15836
416,TEST/DR3/MBWM0/SX224.WAV.wav,TEST/DR3/MBWM0/SX224.PHN,22,15905,15883
417,TEST/DR3/MBWM0/SX314.WAV.wav,TEST/DR3/MBWM0/SX314.PHN,39,15944,15905
418,TEST/DR3/MBWM0/SX404.WAV.wav,TEST/DR3/MBWM0/SX404.PHN,33,15977,15944
419,TEST/DR3/MBWM0/SX44.WAV.wav,TEST/DR3/MBWM0/SX44.PHN,35,16012,15977
420,TEST/DR3/MCSH0/SA1.WAV.wav,TEST/DR3/MCSH0/SA1.PHN,41,16053,16012
421,TEST/DR3/MCSH0/SA2.WAV.wav,TEST/DR3/MCSH0/SA2.PHN,35,16088,16053
422,TEST/DR3/MCSH0/SI1549.WAV.wav,TEST/DR3/MCSH0/SI1549.PHN,21,16109,16088
423,TEST/DR3/MCSH0/SI2179.WAV.wav,TEST/DR3/MCSH0/SI2179.PHN,20,16129,16109
424,TEST/DR3/MCSH0/SI919.WAV.wav,TEST/DR3/MCSH0/SI919.PHN,63,16192,16129
425,TEST/DR3/MCSH0/SX109.WAV.wav,TEST/DR3/MCSH0/SX109.PHN,40,16232,16192
426,TEST/DR3/MCSH0/SX19.WAV.wav,TEST/DR3/MCSH0/SX19.PHN,35,16267,16232
427,TEST/DR3/MCSH0/SX199.WAV.wav,TEST/DR3/MCSH0/SX199.PHN,51,16318,16267
428,TEST/DR3/MCSH0/SX289.WAV.wav,TEST/DR3/MCSH0/SX289.PHN,35,16353,16318
429,TEST/DR3/MCSH0/SX379.WAV.wav,TEST/DR3/MCSH0/SX379.PHN,32,16385,16353
430,TEST/DR3/MCTW0/SA1.WAV.wav,TEST/DR3/MCTW0/SA1.PHN,39,16424,16385
431,TEST/DR3/MCTW0/SA2.WAV.wav,TEST/DR3/MCTW0/SA2.PHN,35,16459,16424
432,TEST/DR3/MCTW0/SI1373.WAV.wav,TEST/DR3/MCTW0/SI1373.PHN,65,16524,16459
433,TEST/DR3/MCTW0/SI2003.WAV.wav,TEST/DR3/MCTW0/SI2003.PHN,21,16545,16524
434,TEST/DR3/MCTW0/SI743.WAV.wav,TEST/DR3/MCTW0/SI743.PHN,30,16575,16545
435,TEST/DR3/MCTW0/SX113.WAV.wav,TEST/DR3/MCTW0/SX113.PHN,35,16610,16575
436,TEST/DR3/MCTW0/SX203.WAV.wav,TEST/DR3/MCTW0/SX203.PHN,35,16645,16610
437,TEST/DR3/MCTW0/SX23.WAV.wav,TEST/DR3/MCTW0/SX23.PHN,33,16678,16645
438,TEST/DR3/MCTW0/SX293.WAV.wav,TEST/DR3/MCTW0/SX293.PHN,45,16723,16678
439,TEST/DR3/MCTW0/SX383.WAV.wav,TEST/DR3/MCTW0/SX383.PHN,44,16767,16723
440,TEST/DR3/MGJF0/SA1.WAV.wav,TEST/DR3/MGJF0/SA1.PHN,40,16807,16767
441,TEST/DR3/MGJF0/SA2.WAV.wav,TEST/DR3/MGJF0/SA2.PHN,32,16839,16807
442,TEST/DR3/MGJF0/SI1901.WAV.wav,TEST/DR3/MGJF0/SI1901.PHN,44,16883,16839
443,TEST/DR3/MGJF0/SI641.WAV.wav,TEST/DR3/MGJF0/SI641.PHN,60,16943,16883
444,TEST/DR3/MGJF0/SI776.WAV.wav,TEST/DR3/MGJF0/SI776.PHN,22,16965,16943
445,TEST/DR3/MGJF0/SX101.WAV.wav,TEST/DR3/MGJF0/SX101.PHN,51,17016,16965
446,TEST/DR3/MGJF0/SX11.WAV.wav,TEST/DR3/MGJF0/SX11.PHN,15,17031,17016
447,TEST/DR3/MGJF0/SX191.WAV.wav,TEST/DR3/MGJF0/SX191.PHN,31,17062,17031
448,TEST/DR3/MGJF0/SX281.WAV.wav,TEST/DR3/MGJF0/SX281.PHN,41,17103,17062
449,TEST/DR3/MGJF0/SX371.WAV.wav,TEST/DR3/MGJF0/SX371.PHN,40,17143,17103
450,TEST/DR3/MGLB0/SA1.WAV.wav,TEST/DR3/MGLB0/SA1.PHN,38,17181,17143
451,TEST/DR3/MGLB0/SA2.WAV.wav,TEST/DR3/MGLB0/SA2.PHN,32,17213,17181
452,TEST/DR3/MGLB0/SI1534.WAV.wav,TEST/DR3/MGLB0/SI1534.PHN,45,17258,17213
453,TEST/DR3/MGLB0/SI2164.WAV.wav,TEST/DR3/MGLB0/SI2164.PHN,18,17276,17258
454,TEST/DR3/MGLB0/SI904.WAV.wav,TEST/DR3/MGLB0/SI904.PHN,60,17336,17276
455,TEST/DR3/MGLB0/SX184.WAV.wav,TEST/DR3/MGLB0/SX184.PHN,31,17367,17336
456,TEST/DR3/MGLB0/SX274.WAV.wav,TEST/DR3/MGLB0/SX274.PHN,30,17397,17367
457,TEST/DR3/MGLB0/SX364.WAV.wav,TEST/DR3/MGLB0/SX364.PHN,65,17462,17397
458,TEST/DR3/MGLB0/SX4.WAV.wav,TEST/DR3/MGLB0/SX4.PHN,30,17492,17462
459,TEST/DR3/MGLB0/SX94.WAV.wav,TEST/DR3/MGLB0/SX94.PHN,35,17527,17492
460,TEST/DR3/MHPG0/SA1.WAV.wav,TEST/DR3/MHPG0/SA1.PHN,39,17566,17527
461,TEST/DR3/MHPG0/SA2.WAV.wav,TEST/DR3/MHPG0/SA2.PHN,33,17599,17566
462,TEST/DR3/MHPG0/SI1090.WAV.wav,TEST/DR3/MHPG0/SI1090.PHN,59,17658,17599
463,TEST/DR3/MHPG0/SI1720.WAV.wav,TEST/DR3/MHPG0/SI1720.PHN,30,17688,17658
464,TEST/DR3/MHPG0/SI460.WAV.wav,TEST/DR3/MHPG0/SI460.PHN,59,17747,17688
465,TEST/DR3/MHPG0/SX10.WAV.wav,TEST/DR3/MHPG0/SX10.PHN,28,17775,17747
466,TEST/DR3/MHPG0/SX100.WAV.wav,TEST/DR3/MHPG0/SX100.PHN,39,17814,17775
467,TEST/DR3/MHPG0/SX190.WAV.wav,TEST/DR3/MHPG0/SX190.PHN,28,17842,17814
468,TEST/DR3/MHPG0/SX280.WAV.wav,TEST/DR3/MHPG0/SX280.PHN,18,17860,17842
469,TEST/DR3/MHPG0/SX370.WAV.wav,TEST/DR3/MHPG0/SX370.PHN,36,17896,17860
470,TEST/DR3/MJBR0/SA1.WAV.wav,TEST/DR3/MJBR0/SA1.PHN,43,17939,17896
471,TEST/DR3/MJBR0/SA2.WAV.wav,TEST/DR3/MJBR0/SA2.PHN,33,17972,17939
472,TEST/DR3/MJBR0/SI1001.WAV.wav,TEST/DR3/MJBR0/SI1001.PHN,27,17999,17972
473,TEST/DR3/MJBR0/SI1631.WAV.wav,TEST/DR3/MJBR0/SI1631.PHN,42,18041,17999
474,TEST/DR3/MJBR0/SI2261.WAV.wav,TEST/DR3/MJBR0/SI2261.PHN,24,18065,18041
475,TEST/DR3/MJBR0/SX101.WAV.wav,TEST/DR3/MJBR0/SX101.PHN,51,18116,18065
476,TEST/DR3/MJBR0/SX11.WAV.wav,TEST/DR3/MJBR0/SX11.PHN,16,18132,18116
477,TEST/DR3/MJBR0/SX191.WAV.wav,TEST/DR3/MJBR0/SX191.PHN,35,18167,18132
478,TEST/DR3/MJBR0/SX281.WAV.wav,TEST/DR3/MJBR0/SX281.PHN,41,18208,18167
479,TEST/DR3/MJBR0/SX371.WAV.wav,TEST/DR3/MJBR0/SX371.PHN,42,18250,18208
480,TEST/DR3/MJES0/SA1.WAV.wav,TEST/DR3/MJES0/SA1.PHN,39,18289,18250
481,TEST/DR3/MJES0/SA2.WAV.wav,TEST/DR3/MJES0/SA2.PHN,36,18325,18289
482,TEST/DR3/MJES0/SI1384.WAV.wav,TEST/DR3/MJES0/SI1384.PHN,39,18364,18325
483,TEST/DR3/MJES0/SI2014.WAV.wav,TEST/DR3/MJES0/SI2014.PHN,60,18424,18364
484,TEST/DR3/MJES0/SI754.WAV.wav,TEST/DR3/MJES0/SI754.PHN,62,18486,18424
485,TEST/DR3/MJES0/SX124.WAV.wav,TEST/DR3/MJES0/SX124.PHN,29,18515,18486
486,TEST/DR3/MJES0/SX214.WAV.wav,TEST/DR3/MJES0/SX214.PHN,42,18557,18515
487,TEST/DR3/MJES0/SX304.WAV.wav,TEST/DR3/MJES0/SX304.PHN,34,18591,18557
488,TEST/DR3/MJES0/SX34.WAV.wav,TEST/DR3/MJES0/SX34.PHN,26,18617,18591
489,TEST/DR3/MJES0/SX394.WAV.wav,TEST/DR3/MJES0/SX394.PHN,29,18646,18617
490,TEST/DR3/MJJG0/SA1.WAV.wav,TEST/DR3/MJJG0/SA1.PHN,44,18690,18646
491,TEST/DR3/MJJG0/SA2.WAV.wav,TEST/DR3/MJJG0/SA2.PHN,40,18730,18690
492,TEST/DR3/MJJG0/SI1003.WAV.wav,TEST/DR3/MJJG0/SI1003.PHN,62,18792,18730
493,TEST/DR3/MJJG0/SI1633.WAV.wav,TEST/DR3/MJJG0/SI1633.PHN,42,18834,18792
494,TEST/DR3/MJJG0/SI2263.WAV.wav,TEST/DR3/MJJG0/SI2263.PHN,20,18854,18834
495,TEST/DR3/MJJG0/SX103.WAV.wav,TEST/DR3/MJJG0/SX103.PHN,40,18894,18854
496,TEST/DR3/MJJG0/SX13.WAV.wav,TEST/DR3/MJJG0/SX13.PHN,24,18918,18894
497,TEST/DR3/MJJG0/SX193.WAV.wav,TEST/DR3/MJJG0/SX193.PHN,29,18947,18918
498,TEST/DR3/MJJG0/SX283.WAV.wav,TEST/DR3/MJJG0/SX283.PHN,50,18997,18947
499,TEST/DR3/MJJG0/SX373.WAV.wav,TEST/DR3/MJJG0/SX373.PHN,35,19032,18997
500,TEST/DR3/MJMP0/SA1.WAV.wav,TEST/DR3/MJMP0/SA1.PHN,36,19068,19032
501,TEST/DR3/MJMP0/SA2.WAV.wav,TEST/DR3/MJMP0/SA2.PHN,33,19101,19068
502,TEST/DR3/MJMP0/SI1535.WAV.wav,TEST/DR3/MJMP0/SI1535.PHN,30,19131,19101
503,TEST/DR3/MJMP0/SI1791.WAV.wav,TEST/DR3/MJMP0/SI1791.PHN,57,19188,19131
504,TEST/DR3/MJMP0/SI905.WAV.wav,TEST/DR3/MJMP0/SI905.PHN,36,19224,19188
505,TEST/DR3/MJMP0/SX185.WAV.wav,TEST/DR3/MJMP0/SX185.PHN,26,19250,19224
506,TEST/DR3/MJMP0/SX275.WAV.wav,TEST/DR3/MJMP0/SX275.PHN,30,19280,19250
507,TEST/DR3/MJMP0/SX365.WAV.wav,TEST/DR3/MJMP0/SX365.PHN,48,19328,19280
508,TEST/DR3/MJMP0/SX5.WAV.wav,TEST/DR3/MJMP0/SX5.PHN,16,19344,19328
509,TEST/DR3/MJMP0/SX95.WAV.wav,TEST/DR3/MJMP0/SX95.PHN,39,19383,19344
510,TEST/DR3/MJVW0/SA1.WAV.wav,TEST/DR3/MJVW0/SA1.PHN,37,19420,19383
511,TEST/DR3/MJVW0/SA2.WAV.wav,TEST/DR3/MJVW0/SA2.PHN,33,19453,19420
512,TEST/DR3/MJVW0/SI1733.WAV.wav,TEST/DR3/MJVW0/SI1733.PHN,60,19513,19453
513,TEST/DR3/MJVW0/SI1758.WAV.wav,TEST/DR3/MJVW0/SI1758.PHN,20,19533,19513
514,TEST/DR3/MJVW0/SI473.WAV.wav,TEST/DR3/MJVW0/SI473.PHN,39,19572,19533
515,TEST/DR3/MJVW0/SX113.WAV.wav,TEST/DR3/MJVW0/SX113.PHN,34,19606,19572
516,TEST/DR3/MJVW0/SX203.WAV.wav,TEST/DR3/MJVW0/SX203.PHN,32,19638,19606
517,TEST/DR3/MJVW0/SX23.WAV.wav,TEST/DR3/MJVW0/SX23.PHN,34,19672,19638
518,TEST/DR3/MJVW0/SX293.WAV.wav,TEST/DR3/MJVW0/SX293.PHN,44,19716,19672
519,TEST/DR3/MJVW0/SX383.WAV.wav,TEST/DR3/MJVW0/SX383.PHN,37,19753,19716
520,TEST/DR3/MKCH0/SA1.WAV.wav,TEST/DR3/MKCH0/SA1.PHN,39,19792,19753
521,TEST/DR3/MKCH0/SA2.WAV.wav,TEST/DR3/MKCH0/SA2.PHN,36,19828,19792
522,TEST/DR3/MKCH0/SI1378.WAV.wav,TEST/DR3/MKCH0/SI1378.PHN,57,19885,19828
523,TEST/DR3/MKCH0/SI1425.WAV.wav,TEST/DR3/MKCH0/SI1425.PHN,20,19905,19885
524,TEST/DR3/MKCH0/SI2008.WAV.wav,TEST/DR3/MKCH0/SI2008.PHN,21,19926,19905
525,TEST/DR3/MKCH0/SX118.WAV.wav,TEST/DR3/MKCH0/SX118.PHN,37,19963,19926
526,TEST/DR3/MKCH0/SX208.WAV.wav,TEST/DR3/MKCH0/SX208.PHN,35,19998,19963
527,TEST/DR3/MKCH0/SX28.WAV.wav,TEST/DR3/MKCH0/SX28.PHN,29,20027,19998
528,TEST/DR3/MKCH0/SX298.WAV.wav,TEST/DR3/MKCH0/SX298.PHN,35,20062,20027
529,TEST/DR3/MKCH0/SX388.WAV.wav,TEST/DR3/MKCH0/SX388.PHN,47,20109,20062
530,TEST/DR3/MLNT0/SA1.WAV.wav,TEST/DR3/MLNT0/SA1.PHN,40,20149,20109
531,TEST/DR3/MLNT0/SA2.WAV.wav,TEST/DR3/MLNT0/SA2.PHN,38,20187,20149
532,TEST/DR3/MLNT0/SI1574.WAV.wav,TEST/DR3/MLNT0/SI1574.PHN,54,20241,20187
533,TEST/DR3/MLNT0/SI1902.WAV.wav,TEST/DR3/MLNT0/SI1902.PHN,26,20267,20241
534,TEST/DR3/MLNT0/SI642.WAV.wav,TEST/DR3/MLNT0/SI642.PHN,46,20313,20267
535,TEST/DR3/MLNT0/SX102.WAV.wav,TEST/DR3/MLNT0/SX102.PHN,50,20363,20313
536,TEST/DR3/MLNT0/SX12.WAV.wav,TEST/DR3/MLNT0/SX12.PHN,24,20387,20363
537,TEST/DR3/MLNT0/SX192.WAV.wav,TEST/DR3/MLNT0/SX192.PHN,28,20415,20387
538,TEST/DR3/MLNT0/SX282.WAV.wav,TEST/DR3/MLNT0/SX282.PHN,42,20457,20415
539,TEST/DR3/MLNT0/SX372.WAV.wav,TEST/DR3/MLNT0/SX372.PHN,40,20497,20457
540,TEST/DR3/MMAB0/SA1.WAV.wav,TEST/DR3/MMAB0/SA1.PHN,40,20537,20497
541,TEST/DR3/MMAB0/SA2.WAV.wav,TEST/DR3/MMAB0/SA2.PHN,34,20571,20537
542,TEST/DR3/MMAB0/SI1362.WAV.wav,TEST/DR3/MMAB0/SI1362.PHN,42,20613,20571
543,TEST/DR3/MMAB0/SI1992.WAV.wav,TEST/DR3/MMAB0/SI1992.PHN,40,20653,20613
544,TEST/DR3/MMAB0/SI732.WAV.wav,TEST/DR3/MMAB0/SI732.PHN,48,20701,20653
545,TEST/DR3/MMAB0/SX102.WAV.wav,TEST/DR3/MMAB0/SX102.PHN,49,20750,20701
546,TEST/DR3/MMAB0/SX12.WAV.wav,TEST/DR3/MMAB0/SX12.PHN,25,20775,20750
547,TEST/DR3/MMAB0/SX192.WAV.wav,TEST/DR3/MMAB0/SX192.PHN,28,20803,20775
548,TEST/DR3/MMAB0/SX282.WAV.wav,TEST/DR3/MMAB0/SX282.PHN,41,20844,20803
549,TEST/DR3/MMAB0/SX372.WAV.wav,TEST/DR3/MMAB0/SX372.PHN,39,20883,20844
550,TEST/DR3/MMDH0/SA1.WAV.wav,TEST/DR3/MMDH0/SA1.PHN,42,20925,20883
551,TEST/DR3/MMDH0/SA2.WAV.wav,TEST/DR3/MMDH0/SA2.PHN,36,20961,20925
552,TEST/DR3/MMDH0/SI1656.WAV.wav,TEST/DR3/MMDH0/SI1656.PHN,40,21001,20961
553,TEST/DR3/MMDH0/SI2118.WAV.wav,TEST/DR3/MMDH0/SI2118.PHN,63,21064,21001
554,TEST/DR3/MMDH0/SI2286.WAV.wav,TEST/DR3/MMDH0/SI2286.PHN,30,21094,21064
555,TEST/DR3/MMDH0/SX126.WAV.wav,TEST/DR3/MMDH0/SX126.PHN,32,21126,21094
556,TEST/DR3/MMDH0/SX216.WAV.wav,TEST/DR3/MMDH0/SX216.PHN,28,21154,21126
557,TEST/DR3/MMDH0/SX306.WAV.wav,TEST/DR3/MMDH0/SX306.PHN,28,21182,21154
558,TEST/DR3/MMDH0/SX36.WAV.wav,TEST/DR3/MMDH0/SX36.PHN,48,21230,21182
559,TEST/DR3/MMDH0/SX396.WAV.wav,TEST/DR3/MMDH0/SX396.PHN,51,21281,21230
560,TEST/DR3/MMJR0/SA1.WAV.wav,TEST/DR3/MMJR0/SA1.PHN,40,21321,21281
561,TEST/DR3/MMJR0/SA2.WAV.wav,TEST/DR3/MMJR0/SA2.PHN,37,21358,21321
562,TEST/DR3/MMJR0/SI1648.WAV.wav,TEST/DR3/MMJR0/SI1648.PHN,66,21424,21358
563,TEST/DR3/MMJR0/SI2166.WAV.wav,TEST/DR3/MMJR0/SI2166.PHN,26,21450,21424
564,TEST/DR3/MMJR0/SI2278.WAV.wav,TEST/DR3/MMJR0/SI2278.PHN,34,21484,21450
565,TEST/DR3/MMJR0/SX118.WAV.wav,TEST/DR3/MMJR0/SX118.PHN,38,21522,21484
566,TEST/DR3/MMJR0/SX208.WAV.wav,TEST/DR3/MMJR0/SX208.PHN,39,21561,21522
567,TEST/DR3/MMJR0/SX28.WAV.wav,TEST/DR3/MMJR0/SX28.PHN,30,21591,21561
568,TEST/DR3/MMJR0/SX298.WAV.wav,TEST/DR3/MMJR0/SX298.PHN,39,21630,21591
569,TEST/DR3/MMJR0/SX388.WAV.wav,TEST/DR3/MMJR0/SX388.PHN,49,21679,21630
570,TEST/DR3/MMWH0/SA1.WAV.wav,TEST/DR3/MMWH0/SA1.PHN,40,21719,21679
571,TEST/DR3/MMWH0/SA2.WAV.wav,TEST/DR3/MMWH0/SA2.PHN,32,21751,21719
572,TEST/DR3/MMWH0/SI1089.WAV.wav,TEST/DR3/MMWH0/SI1089.PHN,25,21776,21751
573,TEST/DR3/MMWH0/SI1301.WAV.wav,TEST/DR3/MMWH0/SI1301.PHN,60,21836,21776
574,TEST/DR3/MMWH0/SI459.WAV.wav,TEST/DR3/MMWH0/SI459.PHN,63,21899,21836
575,TEST/DR3/MMWH0/SX189.WAV.wav,TEST/DR3/MMWH0/SX189.PHN,33,21932,21899
576,TEST/DR3/MMWH0/SX279.WAV.wav,TEST/DR3/MMWH0/SX279.PHN,47,21979,21932
577,TEST/DR3/MMWH0/SX369.WAV.wav,TEST/DR3/MMWH0/SX369.PHN,31,22010,21979
578,TEST/DR3/MMWH0/SX9.WAV.wav,TEST/DR3/MMWH0/SX9.PHN,19,22029,22010
579,TEST/DR3/MMWH0/SX99.WAV.wav,TEST/DR3/MMWH0/SX99.PHN,36,22065,22029
580,TEST/DR3/MRTK0/SA1.WAV.wav,TEST/DR3/MRTK0/SA1.PHN,39,22104,22065
581,TEST/DR3/MRTK0/SA2.WAV.wav,TEST/DR3/MRTK0/SA2.PHN,32,22136,22104
582,TEST/DR3/MRTK0/SI1093.WAV.wav,TEST/DR3/MRTK0/SI1093.PHN,34,22170,22136
583,TEST/DR3/MRTK0/SI1723.WAV.wav,TEST/DR3/MRTK0/SI1723.PHN,30,22200,22170
584,TEST/DR3/MRTK0/SI1750.WAV.wav,TEST/DR3/MRTK0/SI1750.PHN,57,22257,22200
585,TEST/DR3/MRTK0/SX103.WAV.wav,TEST/DR3/MRTK0/SX103.PHN,33,22290,22257
586,TEST/DR3/MRTK0/SX13.WAV.wav,TEST/DR3/MRTK0/SX13.PHN,24,22314,22290
587,TEST/DR3/MRTK0/SX193.WAV.wav,TEST/DR3/MRTK0/SX193.PHN,25,22339,22314
588,TEST/DR3/MRTK0/SX283.WAV.wav,TEST/DR3/MRTK0/SX283.PHN,44,22383,22339
589,TEST/DR3/MRTK0/SX373.WAV.wav,TEST/DR3/MRTK0/SX373.PHN,33,22416,22383
590,TEST/DR3/MTAA0/SA1.WAV.wav,TEST/DR3/MTAA0/SA1.PHN,38,22454,22416
591,TEST/DR3/MTAA0/SA2.WAV.wav,TEST/DR3/MTAA0/SA2.PHN,33,22487,22454
592,TEST/DR3/MTAA0/SI1285.WAV.wav,TEST/DR3/MTAA0/SI1285.PHN,34,22521,22487
593,TEST/DR3/MTAA0/SI1915.WAV.wav,TEST/DR3/MTAA0/SI1915.PHN,56,22577,22521
594,TEST/DR3/MTAA0/SI596.WAV.wav,TEST/DR3/MTAA0/SI596.PHN,22,22599,22577
595,TEST/DR3/MTAA0/SX115.WAV.wav,TEST/DR3/MTAA0/SX115.PHN,37,22636,22599
596,TEST/DR3/MTAA0/SX205.WAV.wav,TEST/DR3/MTAA0/SX205.PHN,46,22682,22636
597,TEST/DR3/MTAA0/SX25.WAV.wav,TEST/DR3/MTAA0/SX25.PHN,22,22704,22682
598,TEST/DR3/MTAA0/SX295.WAV.wav,TEST/DR3/MTAA0/SX295.PHN,43,22747,22704
599,TEST/DR3/MTAA0/SX385.WAV.wav,TEST/DR3/MTAA0/SX385.PHN,30,22777,22747
600,TEST/DR3/MTDT0/SA1.WAV.wav,TEST/DR3/MTDT0/SA1.PHN,39,22816,22777
601,TEST/DR3/MTDT0/SA2.WAV.wav,TEST/DR3/MTDT0/SA2.PHN,35,22851,22816
602,TEST/DR3/MTDT0/SI1994.WAV.wav,TEST/DR3/MTDT0/SI1994.PHN,55,22906,22851
603,TEST/DR3/MTDT0/SI2254.WAV.wav,TEST/DR3/MTDT0/SI2254.PHN,27,22933,22906
604,TEST/DR3/MTDT0/SI994.WAV.wav,TEST/DR3/MTDT0/SI994.PHN,43,22976,22933
605,TEST/DR3/MTDT0/SX184.WAV.wav,TEST/DR3/MTDT0/SX184.PHN,28,23004,22976
606,TEST/DR3/MTDT0/SX274.WAV.wav,TEST/DR3/MTDT0/SX274.PHN,33,23037,23004
607,TEST/DR3/MTDT0/SX364.WAV.wav,TEST/DR3/MTDT0/SX364.PHN,66,23103,23037
608,TEST/DR3/MTDT0/SX4.WAV.wav,TEST/DR3/MTDT0/SX4.PHN,32,23135,23103
609,TEST/DR3/MTDT0/SX94.WAV.wav,TEST/DR3/MTDT0/SX94.PHN,34,23169,23135
610,TEST/DR3/MTHC0/SA1.WAV.wav,TEST/DR3/MTHC0/SA1.PHN,41,23210,23169
611,TEST/DR3/MTHC0/SA2.WAV.wav,TEST/DR3/MTHC0/SA2.PHN,35,23245,23210
612,TEST/DR3/MTHC0/SI1015.WAV.wav,TEST/DR3/MTHC0/SI1015.PHN,42,23287,23245
613,TEST/DR3/MTHC0/SI1645.WAV.wav,TEST/DR3/MTHC0/SI1645.PHN,42,23329,23287
614,TEST/DR3/MTHC0/SI2275.WAV.wav,TEST/DR3/MTHC0/SI2275.PHN,35,23364,23329
615,TEST/DR3/MTHC0/SX115.WAV.wav,TEST/DR3/MTHC0/SX115.PHN,41,23405,23364
616,TEST/DR3/MTHC0/SX205.WAV.wav,TEST/DR3/MTHC0/SX205.PHN,54,23459,23405
617,TEST/DR3/MTHC0/SX25.WAV.wav,TEST/DR3/MTHC0/SX25.PHN,22,23481,23459
618,TEST/DR3/MTHC0/SX295.WAV.wav,TEST/DR3/MTHC0/SX295.PHN,42,23523,23481
619,TEST/DR3/MTHC0/SX385.WAV.wav,TEST/DR3/MTHC0/SX385.PHN,31,23554,23523
620,TEST/DR3/MWJG0/SA1.WAV.wav,TEST/DR3/MWJG0/SA1.PHN,42,23596,23554
621,TEST/DR3/MWJG0/SA2.WAV.wav,TEST/DR3/MWJG0/SA2.PHN,35,23631,23596
622,TEST/DR3/MWJG0/SI1124.WAV.wav,TEST/DR3/MWJG0/SI1124.PHN,58,23689,23631
623,TEST/DR3/MWJG0/SI1754.WAV.wav,TEST/DR3/MWJG0/SI1754.PHN,27,23716,23689
624,TEST/DR3/MWJG0/SI494.WAV.wav,TEST/DR3/MWJG0/SI494.PHN,32,23748,23716
625,TEST/DR3/MWJG0/SX134.WAV.wav,TEST/DR3/MWJG0/SX134.PHN,50,23798,23748
626,TEST/DR3/MWJG0/SX224.WAV.wav,TEST/DR3/MWJG0/SX224.PHN,24,23822,23798
627,TEST/DR3/MWJG0/SX314.WAV.wav,TEST/DR3/MWJG0/SX314.PHN,45,23867,23822
628,TEST/DR3/MWJG0/SX404.WAV.wav,TEST/DR3/MWJG0/SX404.PHN,39,23906,23867
629,TEST/DR3/MWJG0/SX44.WAV.wav,TEST/DR3/MWJG0/SX44.PHN,36,23942,23906
630,TEST/DR4/FADG0/SA1.WAV.wav,TEST/DR4/FADG0/SA1.PHN,43,23985,23942
631,TEST/DR4/FADG0/SA2.WAV.wav,TEST/DR4/FADG0/SA2.PHN,36,24021,23985
632,TEST/DR4/FADG0/SI1279.WAV.wav,TEST/DR4/FADG0/SI1279.PHN,24,24045,24021
633,TEST/DR4/FADG0/SI1909.WAV.wav,TEST/DR4/FADG0/SI1909.PHN,29,24074,24045
634,TEST/DR4/FADG0/SI649.WAV.wav,TEST/DR4/FADG0/SI649.PHN,63,24137,24074
635,TEST/DR4/FADG0/SX109.WAV.wav,TEST/DR4/FADG0/SX109.PHN,41,24178,24137
636,TEST/DR4/FADG0/SX19.WAV.wav,TEST/DR4/FADG0/SX19.PHN,37,24215,24178
637,TEST/DR4/FADG0/SX199.WAV.wav,TEST/DR4/FADG0/SX199.PHN,53,24268,24215
638,TEST/DR4/FADG0/SX289.WAV.wav,TEST/DR4/FADG0/SX289.PHN,37,24305,24268
639,TEST/DR4/FADG0/SX379.WAV.wav,TEST/DR4/FADG0/SX379.PHN,31,24336,24305
640,TEST/DR4/FCFT0/SA1.WAV.wav,TEST/DR4/FCFT0/SA1.PHN,39,24375,24336
641,TEST/DR4/FCFT0/SA2.WAV.wav,TEST/DR4/FCFT0/SA2.PHN,32,24407,24375
642,TEST/DR4/FCFT0/SI1178.WAV.wav,TEST/DR4/FCFT0/SI1178.PHN,60,24467,24407
643,TEST/DR4/FCFT0/SI1808.WAV.wav,TEST/DR4/FCFT0/SI1808.PHN,35,24502,24467
644,TEST/DR4/FCFT0/SI548.WAV.wav,TEST/DR4/FCFT0/SI548.PHN,19,24521,24502
645,TEST/DR4/FCFT0/SX188.WAV.wav,TEST/DR4/FCFT0/SX188.PHN,39,24560,24521
646,TEST/DR4/FCFT0/SX278.WAV.wav,TEST/DR4/FCFT0/SX278.PHN,51,24611,24560
647,TEST/DR4/FCFT0/SX368.WAV.wav,TEST/DR4/FCFT0/SX368.PHN,54,24665,24611
648,TEST/DR4/FCFT0/SX8.WAV.wav,TEST/DR4/FCFT0/SX8.PHN,24,24689,24665
649,TEST/DR4/FCFT0/SX98.WAV.wav,TEST/DR4/FCFT0/SX98.PHN,27,24716,24689
650,TEST/DR4/FCRH0/SA1.WAV.wav,TEST/DR4/FCRH0/SA1.PHN,42,24758,24716
651,TEST/DR4/FCRH0/SA2.WAV.wav,TEST/DR4/FCRH0/SA2.PHN,39,24797,24758
652,TEST/DR4/FCRH0/SI1088.WAV.wav,TEST/DR4/FCRH0/SI1088.PHN,40,24837,24797
653,TEST/DR4/FCRH0/SI1718.WAV.wav,TEST/DR4/FCRH0/SI1718.PHN,22,24859,24837
654,TEST/DR4/FCRH0/SI458.WAV.wav,TEST/DR4/FCRH0/SI458.PHN,38,24897,24859
655,TEST/DR4/FCRH0/SX188.WAV.wav,TEST/DR4/FCRH0/SX188.PHN,40,24937,24897
656,TEST/DR4/FCRH0/SX278.WAV.wav,TEST/DR4/FCRH0/SX278.PHN,51,24988,24937
657,TEST/DR4/FCRH0/SX368.WAV.wav,TEST/DR4/FCRH0/SX368.PHN,56,25044,24988
658,TEST/DR4/FCRH0/SX8.WAV.wav,TEST/DR4/FCRH0/SX8.PHN,29,25073,25044
659,TEST/DR4/FCRH0/SX98.WAV.wav,TEST/DR4/FCRH0/SX98.PHN,26,25099,25073
660,TEST/DR4/FDMS0/SA1.WAV.wav,TEST/DR4/FDMS0/SA1.PHN,39,25138,25099
661,TEST/DR4/FDMS0/SA2.WAV.wav,TEST/DR4/FDMS0/SA2.PHN,35,25173,25138
662,TEST/DR4/FDMS0/SI1218.WAV.wav,TEST/DR4/FDMS0/SI1218.PHN,33,25206,25173
663,TEST/DR4/FDMS0/SI1502.WAV.wav,TEST/DR4/FDMS0/SI1502.PHN,57,25263,25206
664,TEST/DR4/FDMS0/SI1848.WAV.wav,TEST/DR4/FDMS0/SI1848.PHN,35,25298,25263
665,TEST/DR4/FDMS0/SX138.WAV.wav,TEST/DR4/FDMS0/SX138.PHN,44,25342,25298
666,TEST/DR4/FDMS0/SX228.WAV.wav,TEST/DR4/FDMS0/SX228.PHN,26,25368,25342
667,TEST/DR4/FDMS0/SX318.WAV.wav,TEST/DR4/FDMS0/SX318.PHN,34,25402,25368
668,TEST/DR4/FDMS0/SX408.WAV.wav,TEST/DR4/FDMS0/SX408.PHN,38,25440,25402
669,TEST/DR4/FDMS0/SX48.WAV.wav,TEST/DR4/FDMS0/SX48.PHN,39,25479,25440
670,TEST/DR4/FEDW0/SA1.WAV.wav,TEST/DR4/FEDW0/SA1.PHN,41,25520,25479
671,TEST/DR4/FEDW0/SA2.WAV.wav,TEST/DR4/FEDW0/SA2.PHN,35,25555,25520
672,TEST/DR4/FEDW0/SI1084.WAV.wav,TEST/DR4/FEDW0/SI1084.PHN,52,25607,25555
673,TEST/DR4/FEDW0/SI1653.WAV.wav,TEST/DR4/FEDW0/SI1653.PHN,16,25623,25607
674,TEST/DR4/FEDW0/SI1714.WAV.wav,TEST/DR4/FEDW0/SI1714.PHN,33,25656,25623
675,TEST/DR4/FEDW0/SX184.WAV.wav,TEST/DR4/FEDW0/SX184.PHN,30,25686,25656
676,TEST/DR4/FEDW0/SX274.WAV.wav,TEST/DR4/FEDW0/SX274.PHN,33,25719,25686
677,TEST/DR4/FEDW0/SX364.WAV.wav,TEST/DR4/FEDW0/SX364.PHN,67,25786,25719
678,TEST/DR4/FEDW0/SX4.WAV.wav,TEST/DR4/FEDW0/SX4.PHN,30,25816,25786
679,TEST/DR4/FEDW0/SX94.WAV.wav,TEST/DR4/FEDW0/SX94.PHN,36,25852,25816
680,TEST/DR4/FGJD0/SA1.WAV.wav,TEST/DR4/FGJD0/SA1.PHN,42,25894,25852
681,TEST/DR4/FGJD0/SA2.WAV.wav,TEST/DR4/FGJD0/SA2.PHN,34,25928,25894
682,TEST/DR4/FGJD0/SI1179.WAV.wav,TEST/DR4/FGJD0/SI1179.PHN,22,25950,25928
683,TEST/DR4/FGJD0/SI549.WAV.wav,TEST/DR4/FGJD0/SI549.PHN,62,26012,25950
684,TEST/DR4/FGJD0/SI818.WAV.wav,TEST/DR4/FGJD0/SI818.PHN,69,26081,26012
685,TEST/DR4/FGJD0/SX189.WAV.wav,TEST/DR4/FGJD0/SX189.PHN,35,26116,26081
686,TEST/DR4/FGJD0/SX279.WAV.wav,TEST/DR4/FGJD0/SX279.PHN,47,26163,26116
687,TEST/DR4/FGJD0/SX369.WAV.wav,TEST/DR4/FGJD0/SX369.PHN,30,26193,26163
688,TEST/DR4/FGJD0/SX9.WAV.wav,TEST/DR4/FGJD0/SX9.PHN,22,26215,26193
689,TEST/DR4/FGJD0/SX99.WAV.wav,TEST/DR4/FGJD0/SX99.PHN,36,26251,26215
690,TEST/DR4/FJLM0/SA1.WAV.wav,TEST/DR4/FJLM0/SA1.PHN,43,26294,26251
691,TEST/DR4/FJLM0/SA2.WAV.wav,TEST/DR4/FJLM0/SA2.PHN,36,26330,26294
692,TEST/DR4/FJLM0/SI1043.WAV.wav,TEST/DR4/FJLM0/SI1043.PHN,39,26369,26330
693,TEST/DR4/FJLM0/SI1673.WAV.wav,TEST/DR4/FJLM0/SI1673.PHN,37,26406,26369
694,TEST/DR4/FJLM0/SI2303.WAV.wav,TEST/DR4/FJLM0/SI2303.PHN,44,26450,26406
695,TEST/DR4/FJLM0/SX143.WAV.wav,TEST/DR4/FJLM0/SX143.PHN,42,26492,26450
696,TEST/DR4/FJLM0/SX233.WAV.wav,TEST/DR4/FJLM0/SX233.PHN,25,26517,26492
697,TEST/DR4/FJLM0/SX323.WAV.wav,TEST/DR4/FJLM0/SX323.PHN,34,26551,26517
698,TEST/DR4/FJLM0/SX413.WAV.wav,TEST/DR4/FJLM0/SX413.PHN,46,26597,26551
699,TEST/DR4/FJLM0/SX53.WAV.wav,TEST/DR4/FJLM0/SX53.PHN,44,26641,26597
700,TEST/DR4/FJMG0/SA1.WAV.wav,TEST/DR4/FJMG0/SA1.PHN,40,26681,26641
701,TEST/DR4/FJMG0/SA2.WAV.wav,TEST/DR4/FJMG0/SA2.PHN,35,26716,26681
702,TEST/DR4/FJMG0/SI1181.WAV.wav,TEST/DR4/FJMG0/SI1181.PHN,62,26778,26716
703,TEST/DR4/FJMG0/SI1811.WAV.wav,TEST/DR4/FJMG0/SI1811.PHN,37,26815,26778
704,TEST/DR4/FJMG0/SI551.WAV.wav,TEST/DR4/FJMG0/SI551.PHN,37,26852,26815
705,TEST/DR4/FJMG0/SX101.WAV.wav,TEST/DR4/FJMG0/SX101.PHN,53,26905,26852
706,TEST/DR4/FJMG0/SX11.WAV.wav,TEST/DR4/FJMG0/SX11.PHN,18,26923,26905
707,TEST/DR4/FJMG0/SX191.WAV.wav,TEST/DR4/FJMG0/SX191.PHN,34,26957,26923
708,TEST/DR4/FJMG0/SX281.WAV.wav,TEST/DR4/FJMG0/SX281.PHN,41,26998,26957
709,TEST/DR4/FJMG0/SX371.WAV.wav,TEST/DR4/FJMG0/SX371.PHN,42,27040,26998
710,TEST/DR4/FLBW0/SA1.WAV.wav,TEST/DR4/FLBW0/SA1.PHN,41,27081,27040
711,TEST/DR4/FLBW0/SA2.WAV.wav,TEST/DR4/FLBW0/SA2.PHN,34,27115,27081
712,TEST/DR4/FLBW0/SI1219.WAV.wav,TEST/DR4/FLBW0/SI1219.PHN,63,27178,27115
713,TEST/DR4/FLBW0/SI1849.WAV.wav,TEST/DR4/FLBW0/SI1849.PHN,38,27216,27178
714,TEST/DR4/FLBW0/SI2253.WAV.wav,TEST/DR4/FLBW0/SI2253.PHN,21,27237,27216
715,TEST/DR4/FLBW0/SX139.WAV.wav,TEST/DR4/FLBW0/SX139.PHN,43,27280,27237
716,TEST/DR4/FLBW0/SX229.WAV.wav,TEST/DR4/FLBW0/SX229.PHN,24,27304,27280
717,TEST/DR4/FLBW0/SX319.WAV.wav,TEST/DR4/FLBW0/SX319.PHN,37,27341,27304
718,TEST/DR4/FLBW0/SX409.WAV.wav,TEST/DR4/FLBW0/SX409.PHN,51,27392,27341
719,TEST/DR4/FLBW0/SX49.WAV.wav,TEST/DR4/FLBW0/SX49.PHN,36,27428,27392
720,TEST/DR4/FLKD0/SA1.WAV.wav,TEST/DR4/FLKD0/SA1.PHN,39,27467,27428
721,TEST/DR4/FLKD0/SA2.WAV.wav,TEST/DR4/FLKD0/SA2.PHN,33,27500,27467
722,TEST/DR4/FLKD0/SI1369.WAV.wav,TEST/DR4/FLKD0/SI1369.PHN,35,27535,27500
723,TEST/DR4/FLKD0/SI739.WAV.wav,TEST/DR4/FLKD0/SI739.PHN,33,27568,27535
724,TEST/DR4/FLKD0/SI894.WAV.wav,TEST/DR4/FLKD0/SI894.PHN,56,27624,27568
725,TEST/DR4/FLKD0/SX109.WAV.wav,TEST/DR4/FLKD0/SX109.PHN,41,27665,27624
726,TEST/DR4/FLKD0/SX19.WAV.wav,TEST/DR4/FLKD0/SX19.PHN,38,27703,27665
727,TEST/DR4/FLKD0/SX199.WAV.wav,TEST/DR4/FLKD0/SX199.PHN,53,27756,27703
728,TEST/DR4/FLKD0/SX289.WAV.wav,TEST/DR4/FLKD0/SX289.PHN,35,27791,27756
729,TEST/DR4/FLKD0/SX379.WAV.wav,TEST/DR4/FLKD0/SX379.PHN,31,27822,27791
730,TEST/DR4/FMAF0/SA1.WAV.wav,TEST/DR4/FMAF0/SA1.PHN,42,27864,27822
731,TEST/DR4/FMAF0/SA2.WAV.wav,TEST/DR4/FMAF0/SA2.PHN,34,27898,27864
732,TEST/DR4/FMAF0/SI1459.WAV.wav,TEST/DR4/FMAF0/SI1459.PHN,36,27934,27898
733,TEST/DR4/FMAF0/SI2089.WAV.wav,TEST/DR4/FMAF0/SI2089.PHN,36,27970,27934
734,TEST/DR4/FMAF0/SI829.WAV.wav,TEST/DR4/FMAF0/SI829.PHN,35,28005,27970
735,TEST/DR4/FMAF0/SX109.WAV.wav,TEST/DR4/FMAF0/SX109.PHN,40,28045,28005
736,TEST/DR4/FMAF0/SX19.WAV.wav,TEST/DR4/FMAF0/SX19.PHN,37,28082,28045
737,TEST/DR4/FMAF0/SX199.WAV.wav,TEST/DR4/FMAF0/SX199.PHN,53,28135,28082
738,TEST/DR4/FMAF0/SX289.WAV.wav,TEST/DR4/FMAF0/SX289.PHN,35,28170,28135
739,TEST/DR4/FMAF0/SX379.WAV.wav,TEST/DR4/FMAF0/SX379.PHN,31,28201,28170
740,TEST/DR4/FMCM0/SA1.WAV.wav,TEST/DR4/FMCM0/SA1.PHN,43,28244,28201
741,TEST/DR4/FMCM0/SA2.WAV.wav,TEST/DR4/FMCM0/SA2.PHN,34,28278,28244
742,TEST/DR4/FMCM0/SI1180.WAV.wav,TEST/DR4/FMCM0/SI1180.PHN,64,28342,28278
743,TEST/DR4/FMCM0/SI1810.WAV.wav,TEST/DR4/FMCM0/SI1810.PHN,22,28364,28342
744,TEST/DR4/FMCM0/SI550.WAV.wav,TEST/DR4/FMCM0/SI550.PHN,61,28425,28364
745,TEST/DR4/FMCM0/SX10.WAV.wav,TEST/DR4/FMCM0/SX10.PHN,28,28453,28425
746,TEST/DR4/FMCM0/SX100.WAV.wav,TEST/DR4/FMCM0/SX100.PHN,39,28492,28453
747,TEST/DR4/FMCM0/SX190.WAV.wav,TEST/DR4/FMCM0/SX190.PHN,28,28520,28492
748,TEST/DR4/FMCM0/SX280.WAV.wav,TEST/DR4/FMCM0/SX280.PHN,20,28540,28520
749,TEST/DR4/FMCM0/SX370.WAV.wav,TEST/DR4/FMCM0/SX370.PHN,37,28577,28540
750,TEST/DR4/FNMR0/SA1.WAV.wav,TEST/DR4/FNMR0/SA1.PHN,42,28619,28577
751,TEST/DR4/FNMR0/SA2.WAV.wav,TEST/DR4/FNMR0/SA2.PHN,37,28656,28619
752,TEST/DR4/FNMR0/SI1399.WAV.wav,TEST/DR4/FNMR0/SI1399.PHN,64,28720,28656
753,TEST/DR4/FNMR0/SI2029.WAV.wav,TEST/DR4/FNMR0/SI2029.PHN,27,28747,28720
754,TEST/DR4/FNMR0/SI769.WAV.wav,TEST/DR4/FNMR0/SI769.PHN,31,28778,28747
755,TEST/DR4/FNMR0/SX139.WAV.wav,TEST/DR4/FNMR0/SX139.PHN,43,28821,28778
756,TEST/DR4/FNMR0/SX229.WAV.wav,TEST/DR4/FNMR0/SX229.PHN,25,28846,28821
757,TEST/DR4/FNMR0/SX319.WAV.wav,TEST/DR4/FNMR0/SX319.PHN,40,28886,28846
758,TEST/DR4/FNMR0/SX409.WAV.wav,TEST/DR4/FNMR0/SX409.PHN,49,28935,28886
759,TEST/DR4/FNMR0/SX49.WAV.wav,TEST/DR4/FNMR0/SX49.PHN,38,28973,28935
760,TEST/DR4/FREW0/SA1.WAV.wav,TEST/DR4/FREW0/SA1.PHN,40,29013,28973
761,TEST/DR4/FREW0/SA2.WAV.wav,TEST/DR4/FREW0/SA2.PHN,32,29045,29013
762,TEST/DR4/FREW0/SI1030.WAV.wav,TEST/DR4/FREW0/SI1030.PHN,21,29066,29045
763,TEST/DR4/FREW0/SI1280.WAV.wav,TEST/DR4/FREW0/SI1280.PHN,50,29116,29066
764,TEST/DR4/FREW0/SI1910.WAV.wav,TEST/DR4/FREW0/SI1910.PHN,33,29149,29116
765,TEST/DR4/FREW0/SX110.WAV.wav,TEST/DR4/FREW0/SX110.PHN,41,29190,29149
766,TEST/DR4/FREW0/SX20.WAV.wav,TEST/DR4/FREW0/SX20.PHN,26,29216,29190
767,TEST/DR4/FREW0/SX200.WAV.wav,TEST/DR4/FREW0/SX200.PHN,38,29254,29216
768,TEST/DR4/FREW0/SX290.WAV.wav,TEST/DR4/FREW0/SX290.PHN,52,29306,29254
769,TEST/DR4/FREW0/SX380.WAV.wav,TEST/DR4/FREW0/SX380.PHN,29,29335,29306
770,TEST/DR4/FRNG0/SA1.WAV.wav,TEST/DR4/FRNG0/SA1.PHN,42,29377,29335
771,TEST/DR4/FRNG0/SA2.WAV.wav,TEST/DR4/FRNG0/SA2.PHN,32,29409,29377
772,TEST/DR4/FRNG0/SI1355.WAV.wav,TEST/DR4/FRNG0/SI1355.PHN,41,29450,29409
773,TEST/DR4/FRNG0/SI1985.WAV.wav,TEST/DR4/FRNG0/SI1985.PHN,28,29478,29450
774,TEST/DR4/FRNG0/SI725.WAV.wav,TEST/DR4/FRNG0/SI725.PHN,64,29542,29478
775,TEST/DR4/FRNG0/SX185.WAV.wav,TEST/DR4/FRNG0/SX185.PHN,29,29571,29542
776,TEST/DR4/FRNG0/SX275.WAV.wav,TEST/DR4/FRNG0/SX275.PHN,32,29603,29571
777,TEST/DR4/FRNG0/SX365.WAV.wav,TEST/DR4/FRNG0/SX365.PHN,51,29654,29603
778,TEST/DR4/FRNG0/SX5.WAV.wav,TEST/DR4/FRNG0/SX5.PHN,19,29673,29654
779,TEST/DR4/FRNG0/SX95.WAV.wav,TEST/DR4/FRNG0/SX95.PHN,42,29715,29673
780,TEST/DR4/FSEM0/SA1.WAV.wav,TEST/DR4/FSEM0/SA1.PHN,38,29753,29715
781,TEST/DR4/FSEM0/SA2.WAV.wav,TEST/DR4/FSEM0/SA2.PHN,32,29785,29753
782,TEST/DR4/FSEM0/SI1198.WAV.wav,TEST/DR4/FSEM0/SI1198.PHN,19,29804,29785
783,TEST/DR4/FSEM0/SI1828.WAV.wav,TEST/DR4/FSEM0/SI1828.PHN,53,29857,29804
784,TEST/DR4/FSEM0/SI568.WAV.wav,TEST/DR4/FSEM0/SI568.PHN,44,29901,29857
785,TEST/DR4/FSEM0/SX118.WAV.wav,TEST/DR4/FSEM0/SX118.PHN,37,29938,29901
786,TEST/DR4/FSEM0/SX208.WAV.wav,TEST/DR4/FSEM0/SX208.PHN,38,29976,29938
787,TEST/DR4/FSEM0/SX28.WAV.wav,TEST/DR4/FSEM0/SX28.PHN,29,30005,29976
788,TEST/DR4/FSEM0/SX298.WAV.wav,TEST/DR4/FSEM0/SX298.PHN,36,30041,30005
789,TEST/DR4/FSEM0/SX388.WAV.wav,TEST/DR4/FSEM0/SX388.PHN,49,30090,30041
790,TEST/DR4/MBNS0/SA1.WAV.wav,TEST/DR4/MBNS0/SA1.PHN,41,30131,30090
791,TEST/DR4/MBNS0/SA2.WAV.wav,TEST/DR4/MBNS0/SA2.PHN,34,30165,30131
792,TEST/DR4/MBNS0/SI1220.WAV.wav,TEST/DR4/MBNS0/SI1220.PHN,36,30201,30165
793,TEST/DR4/MBNS0/SI1850.WAV.wav,TEST/DR4/MBNS0/SI1850.PHN,22,30223,30201
794,TEST/DR4/MBNS0/SI590.WAV.wav,TEST/DR4/MBNS0/SI590.PHN,55,30278,30223
795,TEST/DR4/MBNS0/SX140.WAV.wav,TEST/DR4/MBNS0/SX140.PHN,49,30327,30278
796,TEST/DR4/MBNS0/SX230.WAV.wav,TEST/DR4/MBNS0/SX230.PHN,32,30359,30327
797,TEST/DR4/MBNS0/SX320.WAV.wav,TEST/DR4/MBNS0/SX320.PHN,43,30402,30359
798,TEST/DR4/MBNS0/SX410.WAV.wav,TEST/DR4/MBNS0/SX410.PHN,33,30435,30402
799,TEST/DR4/MBNS0/SX50.WAV.wav,TEST/DR4/MBNS0/SX50.PHN,46,30481,30435
800,TEST/DR4/MDLS0/SA1.WAV.wav,TEST/DR4/MDLS0/SA1.PHN,40,30521,30481
801,TEST/DR4/MDLS0/SA2.WAV.wav,TEST/DR4/MDLS0/SA2.PHN,32,30553,30521
802,TEST/DR4/MDLS0/SI1628.WAV.wav,TEST/DR4/MDLS0/SI1628.PHN,44,30597,30553
803,TEST/DR4/MDLS0/SI2258.WAV.wav,TEST/DR4/MDLS0/SI2258.PHN,17,30614,30597
804,TEST/DR4/MDLS0/SI998.WAV.wav,TEST/DR4/MDLS0/SI998.PHN,17,30631,30614
805,TEST/DR4/MDLS0/SX188.WAV.wav,TEST/DR4/MDLS0/SX188.PHN,37,30668,30631
806,TEST/DR4/MDLS0/SX278.WAV.wav,TEST/DR4/MDLS0/SX278.PHN,49,30717,30668
807,TEST/DR4/MDLS0/SX368.WAV.wav,TEST/DR4/MDLS0/SX368.PHN,55,30772,30717
808,TEST/DR4/MDLS0/SX8.WAV.wav,TEST/DR4/MDLS0/SX8.PHN,24,30796,30772
809,TEST/DR4/MDLS0/SX98.WAV.wav,TEST/DR4/MDLS0/SX98.PHN,27,30823,30796
810,TEST/DR4/MDRM0/SA1.WAV.wav,TEST/DR4/MDRM0/SA1.PHN,38,30861,30823
811,TEST/DR4/MDRM0/SA2.WAV.wav,TEST/DR4/MDRM0/SA2.PHN,36,30897,30861
812,TEST/DR4/MDRM0/SI1013.WAV.wav,TEST/DR4/MDRM0/SI1013.PHN,61,30958,30897
813,TEST/DR4/MDRM0/SI1643.WAV.wav,TEST/DR4/MDRM0/SI1643.PHN,35,30993,30958
814,TEST/DR4/MDRM0/SI2273.WAV.wav,TEST/DR4/MDRM0/SI2273.PHN,22,31015,30993
815,TEST/DR4/MDRM0/SX113.WAV.wav,TEST/DR4/MDRM0/SX113.PHN,38,31053,31015
816,TEST/DR4/MDRM0/SX203.WAV.wav,TEST/DR4/MDRM0/SX203.PHN,35,31088,31053
817,TEST/DR4/MDRM0/SX23.WAV.wav,TEST/DR4/MDRM0/SX23.PHN,30,31118,31088
818,TEST/DR4/MDRM0/SX293.WAV.wav,TEST/DR4/MDRM0/SX293.PHN,45,31163,31118
819,TEST/DR4/MDRM0/SX383.WAV.wav,TEST/DR4/MDRM0/SX383.PHN,36,31199,31163
820,TEST/DR4/MGMM0/SA1.WAV.wav,TEST/DR4/MGMM0/SA1.PHN,38,31237,31199
821,TEST/DR4/MGMM0/SA2.WAV.wav,TEST/DR4/MGMM0/SA2.PHN,36,31273,31237
822,TEST/DR4/MGMM0/SI1129.WAV.wav,TEST/DR4/MGMM0/SI1129.PHN,63,31336,31273
823,TEST/DR4/MGMM0/SI1759.WAV.wav,TEST/DR4/MGMM0/SI1759.PHN,29,31365,31336
824,TEST/DR4/MGMM0/SI499.WAV.wav,TEST/DR4/MGMM0/SI499.PHN,37,31402,31365
825,TEST/DR4/MGMM0/SX139.WAV.wav,TEST/DR4/MGMM0/SX139.PHN,43,31445,31402
826,TEST/DR4/MGMM0/SX229.WAV.wav,TEST/DR4/MGMM0/SX229.PHN,25,31470,31445
827,TEST/DR4/MGMM0/SX319.WAV.wav,TEST/DR4/MGMM0/SX319.PHN,36,31506,31470
828,TEST/DR4/MGMM0/SX409.WAV.wav,TEST/DR4/MGMM0/SX409.PHN,47,31553,31506
829,TEST/DR4/MGMM0/SX49.WAV.wav,TEST/DR4/MGMM0/SX49.PHN,38,31591,31553
830,TEST/DR4/MJDM1/SA1.WAV.wav,TEST/DR4/MJDM1/SA1.PHN,38,31629,31591
831,TEST/DR4/MJDM1/SA2.WAV.wav,TEST/DR4/MJDM1/SA2.PHN,30,31659,31629
832,TEST/DR4/MJDM1/SI1085.WAV.wav,TEST/DR4/MJDM1/SI1085.PHN,46,31705,31659
833,TEST/DR4/MJDM1/SI1715.WAV.wav,TEST/DR4/MJDM1/SI1715.PHN,49,31754,31705
834,TEST/DR4/MJDM1/SI455.WAV.wav,TEST/DR4/MJDM1/SI455.PHN,32,31786,31754
835,TEST/DR4/MJDM1/SX185.WAV.wav,TEST/DR4/MJDM1/SX185.PHN,22,31808,31786
836,TEST/DR4/MJDM1/SX275.WAV.wav,TEST/DR4/MJDM1/SX275.PHN,31,31839,31808
837,TEST/DR4/MJDM1/SX365.WAV.wav,TEST/DR4/MJDM1/SX365.PHN,47,31886,31839
838,TEST/DR4/MJDM1/SX5.WAV.wav,TEST/DR4/MJDM1/SX5.PHN,16,31902,31886
839,TEST/DR4/MJDM1/SX95.WAV.wav,TEST/DR4/MJDM1/SX95.PHN,37,31939,31902
840,TEST/DR4/MJRF0/SA1.WAV.wav,TEST/DR4/MJRF0/SA1.PHN,38,31977,31939
841,TEST/DR4/MJRF0/SA2.WAV.wav,TEST/DR4/MJRF0/SA2.PHN,33,32010,31977
842,TEST/DR4/MJRF0/SI1114.WAV.wav,TEST/DR4/MJRF0/SI1114.PHN,16,32026,32010
843,TEST/DR4/MJRF0/SI2081.WAV.wav,TEST/DR4/MJRF0/SI2081.PHN,50,32076,32026
844,TEST/DR4/MJRF0/SI821.WAV.wav,TEST/DR4/MJRF0/SI821.PHN,58,32134,32076
845,TEST/DR4/MJRF0/SX101.WAV.wav,TEST/DR4/MJRF0/SX101.PHN,53,32187,32134
846,TEST/DR4/MJRF0/SX11.WAV.wav,TEST/DR4/MJRF0/SX11.PHN,17,32204,32187
847,TEST/DR4/MJRF0/SX191.WAV.wav,TEST/DR4/MJRF0/SX191.PHN,35,32239,32204
848,TEST/DR4/MJRF0/SX281.WAV.wav,TEST/DR4/MJRF0/SX281.PHN,40,32279,32239
849,TEST/DR4/MJRF0/SX371.WAV.wav,TEST/DR4/MJRF0/SX371.PHN,41,32320,32279
850,TEST/DR4/MKCL0/SA1.WAV.wav,TEST/DR4/MKCL0/SA1.PHN,40,32360,32320
851,TEST/DR4/MKCL0/SA2.WAV.wav,TEST/DR4/MKCL0/SA2.PHN,32,32392,32360
852,TEST/DR4/MKCL0/SI1091.WAV.wav,TEST/DR4/MKCL0/SI1091.PHN,60,32452,32392
853,TEST/DR4/MKCL0/SI1721.WAV.wav,TEST/DR4/MKCL0/SI1721.PHN,14,32466,32452
854,TEST/DR4/MKCL0/SI461.WAV.wav,TEST/DR4/MKCL0/SI461.PHN,35,32501,32466
855,TEST/DR4/MKCL0/SX101.WAV.wav,TEST/DR4/MKCL0/SX101.PHN,54,32555,32501
856,TEST/DR4/MKCL0/SX11.WAV.wav,TEST/DR4/MKCL0/SX11.PHN,16,32571,32555
857,TEST/DR4/MKCL0/SX191.WAV.wav,TEST/DR4/MKCL0/SX191.PHN,33,32604,32571
858,TEST/DR4/MKCL0/SX281.WAV.wav,TEST/DR4/MKCL0/SX281.PHN,39,32643,32604
859,TEST/DR4/MKCL0/SX371.WAV.wav,TEST/DR4/MKCL0/SX371.PHN,41,32684,32643
860,TEST/DR4/MLJB0/SA1.WAV.wav,TEST/DR4/MLJB0/SA1.PHN,40,32724,32684
861,TEST/DR4/MLJB0/SA2.WAV.wav,TEST/DR4/MLJB0/SA2.PHN,31,32755,32724
862,TEST/DR4/MLJB0/SI1310.WAV.wav,TEST/DR4/MLJB0/SI1310.PHN,39,32794,32755
863,TEST/DR4/MLJB0/SI1940.WAV.wav,TEST/DR4/MLJB0/SI1940.PHN,32,32826,32794
864,TEST/DR4/MLJB0/SI680.WAV.wav,TEST/DR4/MLJB0/SI680.PHN,64,32890,32826
865,TEST/DR4/MLJB0/SX140.WAV.wav,TEST/DR4/MLJB0/SX140.PHN,46,32936,32890
866,TEST/DR4/MLJB0/SX230.WAV.wav,TEST/DR4/MLJB0/SX230.PHN,28,32964,32936
867,TEST/DR4/MLJB0/SX320.WAV.wav,TEST/DR4/MLJB0/SX320.PHN,41,33005,32964
868,TEST/DR4/MLJB0/SX410.WAV.wav,TEST/DR4/MLJB0/SX410.PHN,32,33037,33005
869,TEST/DR4/MLJB0/SX50.WAV.wav,TEST/DR4/MLJB0/SX50.PHN,44,33081,33037
870,TEST/DR4/MLLL0/SA1.WAV.wav,TEST/DR4/MLLL0/SA1.PHN,42,33123,33081
871,TEST/DR4/MLLL0/SA2.WAV.wav,TEST/DR4/MLLL0/SA2.PHN,34,33157,33123
872,TEST/DR4/MLLL0/SI1363.WAV.wav,TEST/DR4/MLLL0/SI1363.PHN,55,33212,33157
873,TEST/DR4/MLLL0/SI1993.WAV.wav,TEST/DR4/MLLL0/SI1993.PHN,13,33225,33212
874,TEST/DR4/MLLL0/SI733.WAV.wav,TEST/DR4/MLLL0/SI733.PHN,39,33264,33225
875,TEST/DR4/MLLL0/SX103.WAV.wav,TEST/DR4/MLLL0/SX103.PHN,35,33299,33264
876,TEST/DR4/MLLL0/SX13.WAV.wav,TEST/DR4/MLLL0/SX13.PHN,25,33324,33299
877,TEST/DR4/MLLL0/SX193.WAV.wav,TEST/DR4/MLLL0/SX193.PHN,26,33350,33324
878,TEST/DR4/MLLL0/SX283.WAV.wav,TEST/DR4/MLLL0/SX283.PHN,49,33399,33350
879,TEST/DR4/MLLL0/SX373.WAV.wav,TEST/DR4/MLLL0/SX373.PHN,33,33432,33399
880,TEST/DR4/MPCS0/SA1.WAV.wav,TEST/DR4/MPCS0/SA1.PHN,37,33469,33432
881,TEST/DR4/MPCS0/SA2.WAV.wav,TEST/DR4/MPCS0/SA2.PHN,32,33501,33469
882,TEST/DR4/MPCS0/SI1359.WAV.wav,TEST/DR4/MPCS0/SI1359.PHN,62,33563,33501
883,TEST/DR4/MPCS0/SI1989.WAV.wav,TEST/DR4/MPCS0/SI1989.PHN,36,33599,33563
884,TEST/DR4/MPCS0/SI729.WAV.wav,TEST/DR4/MPCS0/SI729.PHN,56,33655,33599
885,TEST/DR4/MPCS0/SX189.WAV.wav,TEST/DR4/MPCS0/SX189.PHN,31,33686,33655
886,TEST/DR4/MPCS0/SX279.WAV.wav,TEST/DR4/MPCS0/SX279.PHN,47,33733,33686
887,TEST/DR4/MPCS0/SX369.WAV.wav,TEST/DR4/MPCS0/SX369.PHN,27,33760,33733
888,TEST/DR4/MPCS0/SX9.WAV.wav,TEST/DR4/MPCS0/SX9.PHN,19,33779,33760
889,TEST/DR4/MPCS0/SX99.WAV.wav,TEST/DR4/MPCS0/SX99.PHN,33,33812,33779
890,TEST/DR4/MPLB0/SA1.WAV.wav,TEST/DR4/MPLB0/SA1.PHN,39,33851,33812
891,TEST/DR4/MPLB0/SA2.WAV.wav,TEST/DR4/MPLB0/SA2.PHN,36,33887,33851
892,TEST/DR4/MPLB0/SI1394.WAV.wav,TEST/DR4/MPLB0/SI1394.PHN,36,33923,33887
893,TEST/DR4/MPLB0/SI2024.WAV.wav,TEST/DR4/MPLB0/SI2024.PHN,31,33954,33923
894,TEST/DR4/MPLB0/SI764.WAV.wav,TEST/DR4/MPLB0/SI764.PHN,67,34021,33954
895,TEST/DR4/MPLB0/SX134.WAV.wav,TEST/DR4/MPLB0/SX134.PHN,51,34072,34021
896,TEST/DR4/MPLB0/SX224.WAV.wav,TEST/DR4/MPLB0/SX224.PHN,20,34092,34072
897,TEST/DR4/MPLB0/SX314.WAV.wav,TEST/DR4/MPLB0/SX314.PHN,48,34140,34092
898,TEST/DR4/MPLB0/SX404.WAV.wav,TEST/DR4/MPLB0/SX404.PHN,37,34177,34140
899,TEST/DR4/MPLB0/SX44.WAV.wav,TEST/DR4/MPLB0/SX44.PHN,38,34215,34177
900,TEST/DR4/MPWM0/SA1.WAV.wav,TEST/DR4/MPWM0/SA1.PHN,40,34255,34215
901,TEST/DR4/MPWM0/SA2.WAV.wav,TEST/DR4/MPWM0/SA2.PHN,34,34289,34255
902,TEST/DR4/MPWM0/SI1127.WAV.wav,TEST/DR4/MPWM0/SI1127.PHN,50,34339,34289
903,TEST/DR4/MPWM0/SI1757.WAV.wav,TEST/DR4/MPWM0/SI1757.PHN,57,34396,34339
904,TEST/DR4/MPWM0/SI2279.WAV.wav,TEST/DR4/MPWM0/SI2279.PHN,22,34418,34396
905,TEST/DR4/MPWM0/SX137.WAV.wav,TEST/DR4/MPWM0/SX137.PHN,47,34465,34418
906,TEST/DR4/MPWM0/SX227.WAV.wav,TEST/DR4/MPWM0/SX227.PHN,27,34492,34465
907,TEST/DR4/MPWM0/SX317.WAV.wav,TEST/DR4/MPWM0/SX317.PHN,38,34530,34492
908,TEST/DR4/MPWM0/SX407.WAV.wav,TEST/DR4/MPWM0/SX407.PHN,33,34563,34530
909,TEST/DR4/MPWM0/SX47.WAV.wav,TEST/DR4/MPWM0/SX47.PHN,32,34595,34563
910,TEST/DR4/MRKO0/SA1.WAV.wav,TEST/DR4/MRKO0/SA1.PHN,38,34633,34595
911,TEST/DR4/MRKO0/SA2.WAV.wav,TEST/DR4/MRKO0/SA2.PHN,32,34665,34633
912,TEST/DR4/MRKO0/SI1397.WAV.wav,TEST/DR4/MRKO0/SI1397.PHN,38,34703,34665
913,TEST/DR4/MRKO0/SI2027.WAV.wav,TEST/DR4/MRKO0/SI2027.PHN,38,34741,34703
914,TEST/DR4/MRKO0/SI767.WAV.wav,TEST/DR4/MRKO0/SI767.PHN,44,34785,34741
915,TEST/DR4/MRKO0/SX137.WAV.wav,TEST/DR4/MRKO0/SX137.PHN,50,34835,34785
916,TEST/DR4/MRKO0/SX227.WAV.wav,TEST/DR4/MRKO0/SX227.PHN,27,34862,34835
917,TEST/DR4/MRKO0/SX317.WAV.wav,TEST/DR4/MRKO0/SX317.PHN,35,34897,34862
918,TEST/DR4/MRKO0/SX407.WAV.wav,TEST/DR4/MRKO0/SX407.PHN,37,34934,34897
919,TEST/DR4/MRKO0/SX47.WAV.wav,TEST/DR4/MRKO0/SX47.PHN,30,34964,34934
920,TEST/DR4/MROA0/SA1.WAV.wav,TEST/DR4/MROA0/SA1.PHN,40,35004,34964
921,TEST/DR4/MROA0/SA2.WAV.wav,TEST/DR4/MROA0/SA2.PHN,33,35037,35004
922,TEST/DR4/MROA0/SI1307.WAV.wav,TEST/DR4/MROA0/SI1307.PHN,32,35069,35037
923,TEST/DR4/MROA0/SI1970.WAV.wav,TEST/DR4/MROA0/SI1970.PHN,60,35129,35069
924,TEST/DR4/MROA0/SI677.WAV.wav,TEST/DR4/MROA0/SI677.PHN,33,35162,35129
925,TEST/DR4/MROA0/SX137.WAV.wav,TEST/DR4/MROA0/SX137.PHN,45,35207,35162
926,TEST/DR4/MROA0/SX227.WAV.wav,TEST/DR4/MROA0/SX227.PHN,29,35236,35207
927,TEST/DR4/MROA0/SX317.WAV.wav,TEST/DR4/MROA0/SX317.PHN,37,35273,35236
928,TEST/DR4/MROA0/SX407.WAV.wav,TEST/DR4/MROA0/SX407.PHN,36,35309,35273
929,TEST/DR4/MROA0/SX47.WAV.wav,TEST/DR4/MROA0/SX47.PHN,32,35341,35309
930,TEST/DR4/MTEB0/SA1.WAV.wav,TEST/DR4/MTEB0/SA1.PHN,40,35381,35341
931,TEST/DR4/MTEB0/SA2.WAV.wav,TEST/DR4/MTEB0/SA2.PHN,33,35414,35381
932,TEST/DR4/MTEB0/SI1133.WAV.wav,TEST/DR4/MTEB0/SI1133.PHN,38,35452,35414
933,TEST/DR4/MTEB0/SI2064.WAV.wav,TEST/DR4/MTEB0/SI2064.PHN,63,35515,35452
934,TEST/DR4/MTEB0/SI503.WAV.wav,TEST/DR4/MTEB0/SI503.PHN,20,35535,35515
935,TEST/DR4/MTEB0/SX143.WAV.wav,TEST/DR4/MTEB0/SX143.PHN,41,35576,35535
936,TEST/DR4/MTEB0/SX233.WAV.wav,TEST/DR4/MTEB0/SX233.PHN,24,35600,35576
937,TEST/DR4/MTEB0/SX323.WAV.wav,TEST/DR4/MTEB0/SX323.PHN,33,35633,35600
938,TEST/DR4/MTEB0/SX413.WAV.wav,TEST/DR4/MTEB0/SX413.PHN,45,35678,35633
939,TEST/DR4/MTEB0/SX53.WAV.wav,TEST/DR4/MTEB0/SX53.PHN,41,35719,35678
940,TEST/DR4/MTLS0/SA1.WAV.wav,TEST/DR4/MTLS0/SA1.PHN,41,35760,35719
941,TEST/DR4/MTLS0/SA2.WAV.wav,TEST/DR4/MTLS0/SA2.PHN,33,35793,35760
942,TEST/DR4/MTLS0/SI1370.WAV.wav,TEST/DR4/MTLS0/SI1370.PHN,59,35852,35793
943,TEST/DR4/MTLS0/SI2000.WAV.wav,TEST/DR4/MTLS0/SI2000.PHN,39,35891,35852
944,TEST/DR4/MTLS0/SI740.WAV.wav,TEST/DR4/MTLS0/SI740.PHN,27,35918,35891
945,TEST/DR4/MTLS0/SX110.WAV.wav,TEST/DR4/MTLS0/SX110.PHN,45,35963,35918
946,TEST/DR4/MTLS0/SX20.WAV.wav,TEST/DR4/MTLS0/SX20.PHN,28,35991,35963
947,TEST/DR4/MTLS0/SX200.WAV.wav,TEST/DR4/MTLS0/SX200.PHN,39,36030,35991
948,TEST/DR4/MTLS0/SX290.WAV.wav,TEST/DR4/MTLS0/SX290.PHN,47,36077,36030
949,TEST/DR4/MTLS0/SX380.WAV.wav,TEST/DR4/MTLS0/SX380.PHN,29,36106,36077
950,TEST/DR5/FASW0/SA1.WAV.wav,TEST/DR5/FASW0/SA1.PHN,43,36149,36106
951,TEST/DR5/FASW0/SA2.WAV.wav,TEST/DR5/FASW0/SA2.PHN,36,36185,36149
952,TEST/DR5/FASW0/SI1550.WAV.wav,TEST/DR5/FASW0/SI1550.PHN,29,36214,36185
953,TEST/DR5/FASW0/SI2180.WAV.wav,TEST/DR5/FASW0/SI2180.PHN,39,36253,36214
954,TEST/DR5/FASW0/SI920.WAV.wav,TEST/DR5/FASW0/SI920.PHN,64,36317,36253
955,TEST/DR5/FASW0/SX110.WAV.wav,TEST/DR5/FASW0/SX110.PHN,48,36365,36317
956,TEST/DR5/FASW0/SX20.WAV.wav,TEST/DR5/FASW0/SX20.PHN,28,36393,36365
957,TEST/DR5/FASW0/SX200.WAV.wav,TEST/DR5/FASW0/SX200.PHN,42,36435,36393
958,TEST/DR5/FASW0/SX290.WAV.wav,TEST/DR5/FASW0/SX290.PHN,60,36495,36435
959,TEST/DR5/FASW0/SX380.WAV.wav,TEST/DR5/FASW0/SX380.PHN,30,36525,36495
960,TEST/DR5/FAWF0/SA1.WAV.wav,TEST/DR5/FAWF0/SA1.PHN,38,36563,36525
961,TEST/DR5/FAWF0/SA2.WAV.wav,TEST/DR5/FAWF0/SA2.PHN,36,36599,36563
962,TEST/DR5/FAWF0/SI1000.WAV.wav,TEST/DR5/FAWF0/SI1000.PHN,31,36630,36599
963,TEST/DR5/FAWF0/SI1630.WAV.wav,TEST/DR5/FAWF0/SI1630.PHN,39,36669,36630
964,TEST/DR5/FAWF0/SI2260.WAV.wav,TEST/DR5/FAWF0/SI2260.PHN,73,36742,36669
965,TEST/DR5/FAWF0/SX10.WAV.wav,TEST/DR5/FAWF0/SX10.PHN,31,36773,36742
966,TEST/DR5/FAWF0/SX100.WAV.wav,TEST/DR5/FAWF0/SX100.PHN,41,36814,36773
967,TEST/DR5/FAWF0/SX190.WAV.wav,TEST/DR5/FAWF0/SX190.PHN,29,36843,36814
968,TEST/DR5/FAWF0/SX280.WAV.wav,TEST/DR5/FAWF0/SX280.PHN,18,36861,36843
969,TEST/DR5/FAWF0/SX370.WAV.wav,TEST/DR5/FAWF0/SX370.PHN,35,36896,36861
970,TEST/DR5/FCAL1/SA1.WAV.wav,TEST/DR5/FCAL1/SA1.PHN,39,36935,36896
971,TEST/DR5/FCAL1/SA2.WAV.wav,TEST/DR5/FCAL1/SA2.PHN,34,36969,36935
972,TEST/DR5/FCAL1/SI1403.WAV.wav,TEST/DR5/FCAL1/SI1403.PHN,57,37026,36969
973,TEST/DR5/FCAL1/SI2033.WAV.wav,TEST/DR5/FCAL1/SI2033.PHN,39,37065,37026
974,TEST/DR5/FCAL1/SI773.WAV.wav,TEST/DR5/FCAL1/SI773.PHN,37,37102,37065
975,TEST/DR5/FCAL1/SX143.WAV.wav,TEST/DR5/FCAL1/SX143.PHN,39,37141,37102
976,TEST/DR5/FCAL1/SX233.WAV.wav,TEST/DR5/FCAL1/SX233.PHN,25,37166,37141
977,TEST/DR5/FCAL1/SX323.WAV.wav,TEST/DR5/FCAL1/SX323.PHN,32,37198,37166
978,TEST/DR5/FCAL1/SX413.WAV.wav,TEST/DR5/FCAL1/SX413.PHN,45,37243,37198
979,TEST/DR5/FCAL1/SX53.WAV.wav,TEST/DR5/FCAL1/SX53.PHN,41,37284,37243
980,TEST/DR5/FGMD0/SA1.WAV.wav,TEST/DR5/FGMD0/SA1.PHN,38,37322,37284
981,TEST/DR5/FGMD0/SA2.WAV.wav,TEST/DR5/FGMD0/SA2.PHN,32,37354,37322
982,TEST/DR5/FGMD0/SI1943.WAV.wav,TEST/DR5/FGMD0/SI1943.PHN,49,37403,37354
983,TEST/DR5/FGMD0/SI2107.WAV.wav,TEST/DR5/FGMD0/SI2107.PHN,23,37426,37403
984,TEST/DR5/FGMD0/SI683.WAV.wav,TEST/DR5/FGMD0/SI683.PHN,43,37469,37426
985,TEST/DR5/FGMD0/SX143.WAV.wav,TEST/DR5/FGMD0/SX143.PHN,38,37507,37469
986,TEST/DR5/FGMD0/SX233.WAV.wav,TEST/DR5/FGMD0/SX233.PHN,22,37529,37507
987,TEST/DR5/FGMD0/SX323.WAV.wav,TEST/DR5/FGMD0/SX323.PHN,32,37561,37529
988,TEST/DR5/FGMD0/SX413.WAV.wav,TEST/DR5/FGMD0/SX413.PHN,42,37603,37561
989,TEST/DR5/FGMD0/SX53.WAV.wav,TEST/DR5/FGMD0/SX53.PHN,37,37640,37603
990,TEST/DR5/FHES0/SA1.WAV.wav,TEST/DR5/FHES0/SA1.PHN,41,37681,37640
991,TEST/DR5/FHES0/SA2.WAV.wav,TEST/DR5/FHES0/SA2.PHN,34,37715,37681
992,TEST/DR5/FHES0/SI1109.WAV.wav,TEST/DR5/FHES0/SI1109.PHN,44,37759,37715
993,TEST/DR5/FHES0/SI1739.WAV.wav,TEST/DR5/FHES0/SI1739.PHN,15,37774,37759
994,TEST/DR5/FHES0/SI479.WAV.wav,TEST/DR5/FHES0/SI479.PHN,62,37836,37774
995,TEST/DR5/FHES0/SX119.WAV.wav,TEST/DR5/FHES0/SX119.PHN,39,37875,37836
996,TEST/DR5/FHES0/SX209.WAV.wav,TEST/DR5/FHES0/SX209.PHN,36,37911,37875
997,TEST/DR5/FHES0/SX29.WAV.wav,TEST/DR5/FHES0/SX29.PHN,35,37946,37911
998,TEST/DR5/FHES0/SX299.WAV.wav,TEST/DR5/FHES0/SX299.PHN,38,37984,37946
999,TEST/DR5/FHES0/SX389.WAV.wav,TEST/DR5/FHES0/SX389.PHN,35,38019,37984
1000,TEST/DR5/FHEW0/SA1.WAV.wav,TEST/DR5/FHEW0/SA1.PHN,40,38059,38019
1001,TEST/DR5/FHEW0/SA2.WAV.wav,TEST/DR5/FHEW0/SA2.PHN,34,38093,38059
1002,TEST/DR5/FHEW0/SI2023.WAV.wav,TEST/DR5/FHEW0/SI2023.PHN,49,38142,38093
1003,TEST/DR5/FHEW0/SI690.WAV.wav,TEST/DR5/FHEW0/SI690.PHN,65,38207,38142
1004,TEST/DR5/FHEW0/SI763.WAV.wav,TEST/DR5/FHEW0/SI763.PHN,36,38243,38207
1005,TEST/DR5/FHEW0/SX133.WAV.wav,TEST/DR5/FHEW0/SX133.PHN,38,38281,38243
1006,TEST/DR5/FHEW0/SX223.WAV.wav,TEST/DR5/FHEW0/SX223.PHN,32,38313,38281
1007,TEST/DR5/FHEW0/SX313.WAV.wav,TEST/DR5/FHEW0/SX313.PHN,34,38347,38313
1008,TEST/DR5/FHEW0/SX403.WAV.wav,TEST/DR5/FHEW0/SX403.PHN,41,38388,38347
1009,TEST/DR5/FHEW0/SX43.WAV.wav,TEST/DR5/FHEW0/SX43.PHN,33,38421,38388
1010,TEST/DR5/FJCS0/SA1.WAV.wav,TEST/DR5/FJCS0/SA1.PHN,42,38463,38421
1011,TEST/DR5/FJCS0/SA2.WAV.wav,TEST/DR5/FJCS0/SA2.PHN,34,38497,38463
1012,TEST/DR5/FJCS0/SI1309.WAV.wav,TEST/DR5/FJCS0/SI1309.PHN,61,38558,38497
1013,TEST/DR5/FJCS0/SI1833.WAV.wav,TEST/DR5/FJCS0/SI1833.PHN,22,38580,38558
1014,TEST/DR5/FJCS0/SI1939.WAV.wav,TEST/DR5/FJCS0/SI1939.PHN,41,38621,38580
1015,TEST/DR5/FJCS0/SX139.WAV.wav,TEST/DR5/FJCS0/SX139.PHN,42,38663,38621
1016,TEST/DR5/FJCS0/SX229.WAV.wav,TEST/DR5/FJCS0/SX229.PHN,27,38690,38663
1017,TEST/DR5/FJCS0/SX319.WAV.wav,TEST/DR5/FJCS0/SX319.PHN,35,38725,38690
1018,TEST/DR5/FJCS0/SX409.WAV.wav,TEST/DR5/FJCS0/SX409.PHN,50,38775,38725
1019,TEST/DR5/FJCS0/SX49.WAV.wav,TEST/DR5/FJCS0/SX49.PHN,38,38813,38775
1020,TEST/DR5/FJSA0/SA1.WAV.wav,TEST/DR5/FJSA0/SA1.PHN,42,38855,38813
1021,TEST/DR5/FJSA0/SA2.WAV.wav,TEST/DR5/FJSA0/SA2.PHN,38,38893,38855
1022,TEST/DR5/FJSA0/SI1379.WAV.wav,TEST/DR5/FJSA0/SI1379.PHN,32,38925,38893
1023,TEST/DR5/FJSA0/SI2009.WAV.wav,TEST/DR5/FJSA0/SI2009.PHN,58,38983,38925
1024,TEST/DR5/FJSA0/SI749.WAV.wav,TEST/DR5/FJSA0/SI749.PHN,67,39050,38983
1025,TEST/DR5/FJSA0/SX119.WAV.wav,TEST/DR5/FJSA0/SX119.PHN,40,39090,39050
1026,TEST/DR5/FJSA0/SX209.WAV.wav,TEST/DR5/FJSA0/SX209.PHN,36,39126,39090
1027,TEST/DR5/FJSA0/SX29.WAV.wav,TEST/DR5/FJSA0/SX29.PHN,34,39160,39126
1028,TEST/DR5/FJSA0/SX299.WAV.wav,TEST/DR5/FJSA0/SX299.PHN,40,39200,39160
1029,TEST/DR5/FJSA0/SX389.WAV.wav,TEST/DR5/FJSA0/SX389.PHN,35,39235,39200
1030,TEST/DR5/FMAH0/SA1.WAV.wav,TEST/DR5/FMAH0/SA1.PHN,40,39275,39235
1031,TEST/DR5/FMAH0/SA2.WAV.wav,TEST/DR5/FMAH0/SA2.PHN,34,39309,39275
1032,TEST/DR5/FMAH0/SI1289.WAV.wav,TEST/DR5/FMAH0/SI1289.PHN,19,39328,39309
1033,TEST/DR5/FMAH0/SI1919.WAV.wav,TEST/DR5/FMAH0/SI1919.PHN,37,39365,39328
1034,TEST/DR5/FMAH0/SI659.WAV.wav,TEST/DR5/FMAH0/SI659.PHN,60,39425,39365
1035,TEST/DR5/FMAH0/SX119.WAV.wav,TEST/DR5/FMAH0/SX119.PHN,40,39465,39425
1036,TEST/DR5/FMAH0/SX209.WAV.wav,TEST/DR5/FMAH0/SX209.PHN,36,39501,39465
1037,TEST/DR5/FMAH0/SX29.WAV.wav,TEST/DR5/FMAH0/SX29.PHN,34,39535,39501
1038,TEST/DR5/FMAH0/SX299.WAV.wav,TEST/DR5/FMAH0/SX299.PHN,37,39572,39535
1039,TEST/DR5/FMAH0/SX389.WAV.wav,TEST/DR5/FMAH0/SX389.PHN,35,39607,39572
1040,TEST/DR5/FNLP0/SA1.WAV.wav,TEST/DR5/FNLP0/SA1.PHN,41,39648,39607
1041,TEST/DR5/FNLP0/SA2.WAV.wav,TEST/DR5/FNLP0/SA2.PHN,34,39682,39648
1042,TEST/DR5/FNLP0/SI1308.WAV.wav,TEST/DR5/FNLP0/SI1308.PHN,68,39750,39682
1043,TEST/DR5/FNLP0/SI1938.WAV.wav,TEST/DR5/FNLP0/SI1938.PHN,40,39790,39750
1044,TEST/DR5/FNLP0/SI678.WAV.wav,TEST/DR5/FNLP0/SI678.PHN,22,39812,39790
1045,TEST/DR5/FNLP0/SX138.WAV.wav,TEST/DR5/FNLP0/SX138.PHN,46,39858,39812
1046,TEST/DR5/FNLP0/SX228.WAV.wav,TEST/DR5/FNLP0/SX228.PHN,25,39883,39858
1047,TEST/DR5/FNLP0/SX318.WAV.wav,TEST/DR5/FNLP0/SX318.PHN,35,39918,39883
1048,TEST/DR5/FNLP0/SX408.WAV.wav,TEST/DR5/FNLP0/SX408.PHN,38,39956,39918
1049,TEST/DR5/FNLP0/SX48.WAV.wav,TEST/DR5/FNLP0/SX48.PHN,39,39995,39956
1050,TEST/DR5/FUTB0/SA1.WAV.wav,TEST/DR5/FUTB0/SA1.PHN,39,40034,39995
1051,TEST/DR5/FUTB0/SA2.WAV.wav,TEST/DR5/FUTB0/SA2.PHN,35,40069,40034
1052,TEST/DR5/FUTB0/SI1204.WAV.wav,TEST/DR5/FUTB0/SI1204.PHN,60,40129,40069
1053,TEST/DR5/FUTB0/SI1330.WAV.wav,TEST/DR5/FUTB0/SI1330.PHN,71,40200,40129
1054,TEST/DR5/FUTB0/SI1834.WAV.wav,TEST/DR5/FUTB0/SI1834.PHN,34,40234,40200
1055,TEST/DR5/FUTB0/SX124.WAV.wav,TEST/DR5/FUTB0/SX124.PHN,32,40266,40234
1056,TEST/DR5/FUTB0/SX214.WAV.wav,TEST/DR5/FUTB0/SX214.PHN,42,40308,40266
1057,TEST/DR5/FUTB0/SX304.WAV.wav,TEST/DR5/FUTB0/SX304.PHN,36,40344,40308
1058,TEST/DR5/FUTB0/SX34.WAV.wav,TEST/DR5/FUTB0/SX34.PHN,25,40369,40344
1059,TEST/DR5/FUTB0/SX394.WAV.wav,TEST/DR5/FUTB0/SX394.PHN,31,40400,40369
1060,TEST/DR5/MAHH0/SA1.WAV.wav,TEST/DR5/MAHH0/SA1.PHN,40,40440,40400
1061,TEST/DR5/MAHH0/SA2.WAV.wav,TEST/DR5/MAHH0/SA2.PHN,38,40478,40440
1062,TEST/DR5/MAHH0/SI1294.WAV.wav,TEST/DR5/MAHH0/SI1294.PHN,64,40542,40478
1063,TEST/DR5/MAHH0/SI1924.WAV.wav,TEST/DR5/MAHH0/SI1924.PHN,30,40572,40542
1064,TEST/DR5/MAHH0/SI664.WAV.wav,TEST/DR5/MAHH0/SI664.PHN,53,40625,40572
1065,TEST/DR5/MAHH0/SX124.WAV.wav,TEST/DR5/MAHH0/SX124.PHN,33,40658,40625
1066,TEST/DR5/MAHH0/SX214.WAV.wav,TEST/DR5/MAHH0/SX214.PHN,42,40700,40658
1067,TEST/DR5/MAHH0/SX304.WAV.wav,TEST/DR5/MAHH0/SX304.PHN,34,40734,40700
1068,TEST/DR5/MAHH0/SX34.WAV.wav,TEST/DR5/MAHH0/SX34.PHN,25,40759,40734
1069,TEST/DR5/MAHH0/SX394.WAV.wav,TEST/DR5/MAHH0/SX394.PHN,31,40790,40759
1070,TEST/DR5/MBPM0/SA1.WAV.wav,TEST/DR5/MBPM0/SA1.PHN,40,40830,40790
1071,TEST/DR5/MBPM0/SA2.WAV.wav,TEST/DR5/MBPM0/SA2.PHN,33,40863,40830
1072,TEST/DR5/MBPM0/SI1577.WAV.wav,TEST/DR5/MBPM0/SI1577.PHN,21,40884,40863
1073,TEST/DR5/MBPM0/SI1584.WAV.wav,TEST/DR5/MBPM0/SI1584.PHN,64,40948,40884
1074,TEST/DR5/MBPM0/SI947.WAV.wav,TEST/DR5/MBPM0/SI947.PHN,32,40980,40948
1075,TEST/DR5/MBPM0/SX137.WAV.wav,TEST/DR5/MBPM0/SX137.PHN,51,41031,40980
1076,TEST/DR5/MBPM0/SX227.WAV.wav,TEST/DR5/MBPM0/SX227.PHN,30,41061,41031
1077,TEST/DR5/MBPM0/SX317.WAV.wav,TEST/DR5/MBPM0/SX317.PHN,39,41100,41061
1078,TEST/DR5/MBPM0/SX407.WAV.wav,TEST/DR5/MBPM0/SX407.PHN,37,41137,41100
1079,TEST/DR5/MBPM0/SX47.WAV.wav,TEST/DR5/MBPM0/SX47.PHN,32,41169,41137
1080,TEST/DR5/MCMB0/SA1.WAV.wav,TEST/DR5/MCMB0/SA1.PHN,40,41209,41169
1081,TEST/DR5/MCMB0/SA2.WAV.wav,TEST/DR5/MCMB0/SA2.PHN,33,41242,41209
1082,TEST/DR5/MCMB0/SI1268.WAV.wav,TEST/DR5/MCMB0/SI1268.PHN,69,41311,41242
1083,TEST/DR5/MCMB0/SI1898.WAV.wav,TEST/DR5/MCMB0/SI1898.PHN,23,41334,41311
1084,TEST/DR5/MCMB0/SI638.WAV.wav,TEST/DR5/MCMB0/SI638.PHN,36,41370,41334
1085,TEST/DR5/MCMB0/SX188.WAV.wav,TEST/DR5/MCMB0/SX188.PHN,39,41409,41370
1086,TEST/DR5/MCMB0/SX278.WAV.wav,TEST/DR5/MCMB0/SX278.PHN,51,41460,41409
1087,TEST/DR5/MCMB0/SX368.WAV.wav,TEST/DR5/MCMB0/SX368.PHN,55,41515,41460
1088,TEST/DR5/MCMB0/SX8.WAV.wav,TEST/DR5/MCMB0/SX8.PHN,24,41539,41515
1089,TEST/DR5/MCMB0/SX98.WAV.wav,TEST/DR5/MCMB0/SX98.PHN,25,41564,41539
1090,TEST/DR5/MCRC0/SA1.WAV.wav,TEST/DR5/MCRC0/SA1.PHN,40,41604,41564
1091,TEST/DR5/MCRC0/SA2.WAV.wav,TEST/DR5/MCRC0/SA2.PHN,33,41637,41604
1092,TEST/DR5/MCRC0/SI1092.WAV.wav,TEST/DR5/MCRC0/SI1092.PHN,22,41659,41637
1093,TEST/DR5/MCRC0/SI1722.WAV.wav,TEST/DR5/MCRC0/SI1722.PHN,49,41708,41659
1094,TEST/DR5/MCRC0/SI462.WAV.wav,TEST/DR5/MCRC0/SI462.PHN,64,41772,41708
1095,TEST/DR5/MCRC0/SX102.WAV.wav,TEST/DR5/MCRC0/SX102.PHN,46,41818,41772
1096,TEST/DR5/MCRC0/SX12.WAV.wav,TEST/DR5/MCRC0/SX12.PHN,23,41841,41818
1097,TEST/DR5/MCRC0/SX192.WAV.wav,TEST/DR5/MCRC0/SX192.PHN,25,41866,41841
1098,TEST/DR5/MCRC0/SX282.WAV.wav,TEST/DR5/MCRC0/SX282.PHN,42,41908,41866
1099,TEST/DR5/MCRC0/SX372.WAV.wav,TEST/DR5/MCRC0/SX372.PHN,38,41946,41908
1100,TEST/DR5/MCTT0/SA1.WAV.wav,TEST/DR5/MCTT0/SA1.PHN,40,41986,41946
1101,TEST/DR5/MCTT0/SA2.WAV.wav,TEST/DR5/MCTT0/SA2.PHN,34,42020,41986
1102,TEST/DR5/MCTT0/SI1144.WAV.wav,TEST/DR5/MCTT0/SI1144.PHN,29,42049,42020
1103,TEST/DR5/MCTT0/SI2188.WAV.wav,TEST/DR5/MCTT0/SI2188.PHN,33,42082,42049
1104,TEST/DR5/MCTT0/SI928.WAV.wav,TEST/DR5/MCTT0/SI928.PHN,51,42133,42082
1105,TEST/DR5/MCTT0/SX118.WAV.wav,TEST/DR5/MCTT0/SX118.PHN,34,42167,42133
1106,TEST/DR5/MCTT0/SX208.WAV.wav,TEST/DR5/MCTT0/SX208.PHN,34,42201,42167
1107,TEST/DR5/MCTT0/SX28.WAV.wav,TEST/DR5/MCTT0/SX28.PHN,28,42229,42201
1108,TEST/DR5/MCTT0/SX298.WAV.wav,TEST/DR5/MCTT0/SX298.PHN,37,42266,42229
1109,TEST/DR5/MCTT0/SX388.WAV.wav,TEST/DR5/MCTT0/SX388.PHN,48,42314,42266
1110,TEST/DR5/MDAC2/SA1.WAV.wav,TEST/DR5/MDAC2/SA1.PHN,36,42350,42314
1111,TEST/DR5/MDAC2/SA2.WAV.wav,TEST/DR5/MDAC2/SA2.PHN,30,42380,42350
1112,TEST/DR5/MDAC2/SI2259.WAV.wav,TEST/DR5/MDAC2/SI2259.PHN,28,42408,42380
1113,TEST/DR5/MDAC2/SI560.WAV.wav,TEST/DR5/MDAC2/SI560.PHN,53,42461,42408
1114,TEST/DR5/MDAC2/SI999.WAV.wav,TEST/DR5/MDAC2/SI999.PHN,27,42488,42461
1115,TEST/DR5/MDAC2/SX189.WAV.wav,TEST/DR5/MDAC2/SX189.PHN,33,42521,42488
1116,TEST/DR5/MDAC2/SX279.WAV.wav,TEST/DR5/MDAC2/SX279.PHN,45,42566,42521
1117,TEST/DR5/MDAC2/SX369.WAV.wav,TEST/DR5/MDAC2/SX369.PHN,28,42594,42566
1118,TEST/DR5/MDAC2/SX9.WAV.wav,TEST/DR5/MDAC2/SX9.PHN,19,42613,42594
1119,TEST/DR5/MDAC2/SX99.WAV.wav,TEST/DR5/MDAC2/SX99.PHN,34,42647,42613
1120,TEST/DR5/MDRB0/SA1.WAV.wav,TEST/DR5/MDRB0/SA1.PHN,39,42686,42647
1121,TEST/DR5/MDRB0/SA2.WAV.wav,TEST/DR5/MDRB0/SA2.PHN,34,42720,42686
1122,TEST/DR5/MDRB0/SI1174.WAV.wav,TEST/DR5/MDRB0/SI1174.PHN,34,42754,42720
1123,TEST/DR5/MDRB0/SI2109.WAV.wav,TEST/DR5/MDRB0/SI2109.PHN,53,42807,42754
1124,TEST/DR5/MDRB0/SI544.WAV.wav,TEST/DR5/MDRB0/SI544.PHN,37,42844,42807
1125,TEST/DR5/MDRB0/SX184.WAV.wav,TEST/DR5/MDRB0/SX184.PHN,26,42870,42844
1126,TEST/DR5/MDRB0/SX274.WAV.wav,TEST/DR5/MDRB0/SX274.PHN,32,42902,42870
1127,TEST/DR5/MDRB0/SX364.WAV.wav,TEST/DR5/MDRB0/SX364.PHN,66,42968,42902
1128,TEST/DR5/MDRB0/SX4.WAV.wav,TEST/DR5/MDRB0/SX4.PHN,27,42995,42968
1129,TEST/DR5/MDRB0/SX94.WAV.wav,TEST/DR5/MDRB0/SX94.PHN,32,43027,42995
1130,TEST/DR5/MDWA0/SA1.WAV.wav,TEST/DR5/MDWA0/SA1.PHN,39,43066,43027
1131,TEST/DR5/MDWA0/SA2.WAV.wav,TEST/DR5/MDWA0/SA2.PHN,31,43097,43066
1132,TEST/DR5/MDWA0/SI1146.WAV.wav,TEST/DR5/MDWA0/SI1146.PHN,56,43153,43097
1133,TEST/DR5/MDWA0/SI1445.WAV.wav,TEST/DR5/MDWA0/SI1445.PHN,32,43185,43153
1134,TEST/DR5/MDWA0/SI519.WAV.wav,TEST/DR5/MDWA0/SI519.PHN,57,43242,43185
1135,TEST/DR5/MDWA0/SX185.WAV.wav,TEST/DR5/MDWA0/SX185.PHN,27,43269,43242
1136,TEST/DR5/MDWA0/SX275.WAV.wav,TEST/DR5/MDWA0/SX275.PHN,31,43300,43269
1137,TEST/DR5/MDWA0/SX365.WAV.wav,TEST/DR5/MDWA0/SX365.PHN,49,43349,43300
1138,TEST/DR5/MDWA0/SX5.WAV.wav,TEST/DR5/MDWA0/SX5.PHN,16,43365,43349
1139,TEST/DR5/MDWA0/SX95.WAV.wav,TEST/DR5/MDWA0/SX95.PHN,40,43405,43365
1140,TEST/DR5/MDWK0/SA1.WAV.wav,TEST/DR5/MDWK0/SA1.PHN,38,43443,43405
1141,TEST/DR5/MDWK0/SA2.WAV.wav,TEST/DR5/MDWK0/SA2.PHN,31,43474,43443
1142,TEST/DR5/MDWK0/SI1540.WAV.wav,TEST/DR5/MDWK0/SI1540.PHN,53,43527,43474
1143,TEST/DR5/MDWK0/SI2170.WAV.wav,TEST/DR5/MDWK0/SI2170.PHN,43,43570,43527
1144,TEST/DR5/MDWK0/SI910.WAV.wav,TEST/DR5/MDWK0/SI910.PHN,35,43605,43570
1145,TEST/DR5/MDWK0/SX10.WAV.wav,TEST/DR5/MDWK0/SX10.PHN,28,43633,43605
1146,TEST/DR5/MDWK0/SX100.WAV.wav,TEST/DR5/MDWK0/SX100.PHN,38,43671,43633
1147,TEST/DR5/MDWK0/SX190.WAV.wav,TEST/DR5/MDWK0/SX190.PHN,29,43700,43671
1148,TEST/DR5/MDWK0/SX280.WAV.wav,TEST/DR5/MDWK0/SX280.PHN,18,43718,43700
1149,TEST/DR5/MDWK0/SX370.WAV.wav,TEST/DR5/MDWK0/SX370.PHN,34,43752,43718
1150,TEST/DR5/MFGK0/SA1.WAV.wav,TEST/DR5/MFGK0/SA1.PHN,37,43789,43752
1151,TEST/DR5/MFGK0/SA2.WAV.wav,TEST/DR5/MFGK0/SA2.PHN,34,43823,43789
1152,TEST/DR5/MFGK0/SI1451.WAV.wav,TEST/DR5/MFGK0/SI1451.PHN,66,43889,43823
1153,TEST/DR5/MFGK0/SI1744.WAV.wav,TEST/DR5/MFGK0/SI1744.PHN,30,43919,43889
1154,TEST/DR5/MFGK0/SI484.WAV.wav,TEST/DR5/MFGK0/SI484.PHN,34,43953,43919
1155,TEST/DR5/MFGK0/SX124.WAV.wav,TEST/DR5/MFGK0/SX124.PHN,31,43984,43953
1156,TEST/DR5/MFGK0/SX214.WAV.wav,TEST/DR5/MFGK0/SX214.PHN,44,44028,43984
1157,TEST/DR5/MFGK0/SX304.WAV.wav,TEST/DR5/MFGK0/SX304.PHN,33,44061,44028
1158,TEST/DR5/MFGK0/SX34.WAV.wav,TEST/DR5/MFGK0/SX34.PHN,26,44087,44061
1159,TEST/DR5/MFGK0/SX394.WAV.wav,TEST/DR5/MFGK0/SX394.PHN,28,44115,44087
1160,TEST/DR5/MKLT0/SA1.WAV.wav,TEST/DR5/MKLT0/SA1.PHN,39,44154,44115
1161,TEST/DR5/MKLT0/SA2.WAV.wav,TEST/DR5/MKLT0/SA2.PHN,31,44185,44154
1162,TEST/DR5/MKLT0/SI1213.WAV.wav,TEST/DR5/MKLT0/SI1213.PHN,34,44219,44185
1163,TEST/DR5/MKLT0/SI1843.WAV.wav,TEST/DR5/MKLT0/SI1843.PHN,53,44272,44219
1164,TEST/DR5/MKLT0/SI583.WAV.wav,TEST/DR5/MKLT0/SI583.PHN,36,44308,44272
1165,TEST/DR5/MKLT0/SX133.WAV.wav,TEST/DR5/MKLT0/SX133.PHN,34,44342,44308
1166,TEST/DR5/MKLT0/SX223.WAV.wav,TEST/DR5/MKLT0/SX223.PHN,34,44376,44342
1167,TEST/DR5/MKLT0/SX313.WAV.wav,TEST/DR5/MKLT0/SX313.PHN,35,44411,44376
1168,TEST/DR5/MKLT0/SX403.WAV.wav,TEST/DR5/MKLT0/SX403.PHN,40,44451,44411
1169,TEST/DR5/MKLT0/SX43.WAV.wav,TEST/DR5/MKLT0/SX43.PHN,33,44484,44451
1170,TEST/DR5/MLIH0/SA1.WAV.wav,TEST/DR5/MLIH0/SA1.PHN,38,44522,44484
1171,TEST/DR5/MLIH0/SA2.WAV.wav,TEST/DR5/MLIH0/SA2.PHN,30,44552,44522
1172,TEST/DR5/MLIH0/SI1183.WAV.wav,TEST/DR5/MLIH0/SI1183.PHN,51,44603,44552
1173,TEST/DR5/MLIH0/SI1813.WAV.wav,TEST/DR5/MLIH0/SI1813.PHN,39,44642,44603
1174,TEST/DR5/MLIH0/SI553.WAV.wav,TEST/DR5/MLIH0/SI553.PHN,57,44699,44642
1175,TEST/DR5/MLIH0/SX103.WAV.wav,TEST/DR5/MLIH0/SX103.PHN,35,44734,44699
1176,TEST/DR5/MLIH0/SX13.WAV.wav,TEST/DR5/MLIH0/SX13.PHN,24,44758,44734
1177,TEST/DR5/MLIH0/SX193.WAV.wav,TEST/DR5/MLIH0/SX193.PHN,25,44783,44758
1178,TEST/DR5/MLIH0/SX283.WAV.wav,TEST/DR5/MLIH0/SX283.PHN,45,44828,44783
1179,TEST/DR5/MLIH0/SX373.WAV.wav,TEST/DR5/MLIH0/SX373.PHN,31,44859,44828
1180,TEST/DR5/MRJM3/SA1.WAV.wav,TEST/DR5/MRJM3/SA1.PHN,41,44900,44859
1181,TEST/DR5/MRJM3/SA2.WAV.wav,TEST/DR5/MRJM3/SA2.PHN,32,44932,44900
1182,TEST/DR5/MRJM3/SI1448.WAV.wav,TEST/DR5/MRJM3/SI1448.PHN,64,44996,44932
1183,TEST/DR5/MRJM3/SI1809.WAV.wav,TEST/DR5/MRJM3/SI1809.PHN,17,45013,44996
1184,TEST/DR5/MRJM3/SI2078.WAV.wav,TEST/DR5/MRJM3/SI2078.PHN,27,45040,45013
1185,TEST/DR5/MRJM3/SX188.WAV.wav,TEST/DR5/MRJM3/SX188.PHN,37,45077,45040
1186,TEST/DR5/MRJM3/SX278.WAV.wav,TEST/DR5/MRJM3/SX278.PHN,50,45127,45077
1187,TEST/DR5/MRJM3/SX368.WAV.wav,TEST/DR5/MRJM3/SX368.PHN,56,45183,45127
1188,TEST/DR5/MRJM3/SX8.WAV.wav,TEST/DR5/MRJM3/SX8.PHN,23,45206,45183
1189,TEST/DR5/MRJM3/SX98.WAV.wav,TEST/DR5/MRJM3/SX98.PHN,26,45232,45206
1190,TEST/DR5/MRPP0/SA1.WAV.wav,TEST/DR5/MRPP0/SA1.PHN,42,45274,45232
1191,TEST/DR5/MRPP0/SA2.WAV.wav,TEST/DR5/MRPP0/SA2.PHN,34,45308,45274
1192,TEST/DR5/MRPP0/SI1184.WAV.wav,TEST/DR5/MRPP0/SI1184.PHN,60,45368,45308
1193,TEST/DR5/MRPP0/SI1814.WAV.wav,TEST/DR5/MRPP0/SI1814.PHN,26,45394,45368
1194,TEST/DR5/MRPP0/SI554.WAV.wav,TEST/DR5/MRPP0/SI554.PHN,55,45449,45394
1195,TEST/DR5/MRPP0/SX104.WAV.wav,TEST/DR5/MRPP0/SX104.PHN,24,45473,45449
1196,TEST/DR5/MRPP0/SX14.WAV.wav,TEST/DR5/MRPP0/SX14.PHN,37,45510,45473
1197,TEST/DR5/MRPP0/SX194.WAV.wav,TEST/DR5/MRPP0/SX194.PHN,21,45531,45510
1198,TEST/DR5/MRPP0/SX284.WAV.wav,TEST/DR5/MRPP0/SX284.PHN,42,45573,45531
1199,TEST/DR5/MRPP0/SX374.WAV.wav,TEST/DR5/MRPP0/SX374.PHN,27,45600,45573
1200,TEST/DR5/MRRK0/SA1.WAV.wav,TEST/DR5/MRRK0/SA1.PHN,40,45640,45600
1201,TEST/DR5/MRRK0/SA2.WAV.wav,TEST/DR5/MRRK0/SA2.PHN,32,45672,45640
1202,TEST/DR5/MRRK0/SI1288.WAV.wav,TEST/DR5/MRRK0/SI1288.PHN,60,45732,45672
1203,TEST/DR5/MRRK0/SI1716.WAV.wav,TEST/DR5/MRRK0/SI1716.PHN,20,45752,45732
1204,TEST/DR5/MRRK0/SI1918.WAV.wav,TEST/DR5/MRRK0/SI1918.PHN,43,45795,45752
1205,TEST/DR5/MRRK0/SX118.WAV.wav,TEST/DR5/MRRK0/SX118.PHN,36,45831,45795
1206,TEST/DR5/MRRK0/SX208.WAV.wav,TEST/DR5/MRRK0/SX208.PHN,37,45868,45831
1207,TEST/DR5/MRRK0/SX28.WAV.wav,TEST/DR5/MRRK0/SX28.PHN,29,45897,45868
1208,TEST/DR5/MRRK0/SX298.WAV.wav,TEST/DR5/MRRK0/SX298.PHN,36,45933,45897
1209,TEST/DR5/MRRK0/SX388.WAV.wav,TEST/DR5/MRRK0/SX388.PHN,47,45980,45933
1210,TEST/DR5/MRWS1/SA1.WAV.wav,TEST/DR5/MRWS1/SA1.PHN,41,46021,45980
1211,TEST/DR5/MRWS1/SA2.WAV.wav,TEST/DR5/MRWS1/SA2.PHN,33,46054,46021
1212,TEST/DR5/MRWS1/SI1130.WAV.wav,TEST/DR5/MRWS1/SI1130.PHN,45,46099,46054
1213,TEST/DR5/MRWS1/SI1496.WAV.wav,TEST/DR5/MRWS1/SI1496.PHN,37,46136,46099
1214,TEST/DR5/MRWS1/SI500.WAV.wav,TEST/DR5/MRWS1/SI500.PHN,47,46183,46136
1215,TEST/DR5/MRWS1/SX140.WAV.wav,TEST/DR5/MRWS1/SX140.PHN,48,46231,46183
1216,TEST/DR5/MRWS1/SX230.WAV.wav,TEST/DR5/MRWS1/SX230.PHN,30,46261,46231
1217,TEST/DR5/MRWS1/SX320.WAV.wav,TEST/DR5/MRWS1/SX320.PHN,44,46305,46261
1218,TEST/DR5/MRWS1/SX410.WAV.wav,TEST/DR5/MRWS1/SX410.PHN,34,46339,46305
1219,TEST/DR5/MRWS1/SX50.WAV.wav,TEST/DR5/MRWS1/SX50.PHN,47,46386,46339
1220,TEST/DR5/MSFH1/SA1.WAV.wav,TEST/DR5/MSFH1/SA1.PHN,41,46427,46386
1221,TEST/DR5/MSFH1/SA2.WAV.wav,TEST/DR5/MSFH1/SA2.PHN,34,46461,46427
1222,TEST/DR5/MSFH1/SI1270.WAV.wav,TEST/DR5/MSFH1/SI1270.PHN,18,46479,46461
1223,TEST/DR5/MSFH1/SI1900.WAV.wav,TEST/DR5/MSFH1/SI1900.PHN,61,46540,46479
1224,TEST/DR5/MSFH1/SI640.WAV.wav,TEST/DR5/MSFH1/SI640.PHN,63,46603,46540
1225,TEST/DR5/MSFH1/SX10.WAV.wav,TEST/DR5/MSFH1/SX10.PHN,27,46630,46603
1226,TEST/DR5/MSFH1/SX100.WAV.wav,TEST/DR5/MSFH1/SX100.PHN,38,46668,46630
1227,TEST/DR5/MSFH1/SX190.WAV.wav,TEST/DR5/MSFH1/SX190.PHN,27,46695,46668
1228,TEST/DR5/MSFH1/SX280.WAV.wav,TEST/DR5/MSFH1/SX280.PHN,20,46715,46695
1229,TEST/DR5/MSFH1/SX370.WAV.wav,TEST/DR5/MSFH1/SX370.PHN,36,46751,46715
1230,TEST/DR6/FDRW0/SA1.WAV.wav,TEST/DR6/FDRW0/SA1.PHN,40,46791,46751
1231,TEST/DR6/FDRW0/SA2.WAV.wav,TEST/DR6/FDRW0/SA2.PHN,32,46823,46791
1232,TEST/DR6/FDRW0/SI1283.WAV.wav,TEST/DR6/FDRW0/SI1283.PHN,60,46883,46823
1233,TEST/DR6/FDRW0/SI1423.WAV.wav,TEST/DR6/FDRW0/SI1423.PHN,24,46907,46883
1234,TEST/DR6/FDRW0/SI653.WAV.wav,TEST/DR6/FDRW0/SI653.PHN,31,46938,46907
1235,TEST/DR6/FDRW0/SX113.WAV.wav,TEST/DR6/FDRW0/SX113.PHN,39,46977,46938
1236,TEST/DR6/FDRW0/SX203.WAV.wav,TEST/DR6/FDRW0/SX203.PHN,35,47012,46977
1237,TEST/DR6/FDRW0/SX23.WAV.wav,TEST/DR6/FDRW0/SX23.PHN,29,47041,47012
1238,TEST/DR6/FDRW0/SX293.WAV.wav,TEST/DR6/FDRW0/SX293.PHN,44,47085,47041
1239,TEST/DR6/FDRW0/SX383.WAV.wav,TEST/DR6/FDRW0/SX383.PHN,36,47121,47085
1240,TEST/DR6/FLNH0/SA1.WAV.wav,TEST/DR6/FLNH0/SA1.PHN,38,47159,47121
1241,TEST/DR6/FLNH0/SA2.WAV.wav,TEST/DR6/FLNH0/SA2.PHN,35,47194,47159
1242,TEST/DR6/FLNH0/SI1214.WAV.wav,TEST/DR6/FLNH0/SI1214.PHN,39,47233,47194
1243,TEST/DR6/FLNH0/SI584.WAV.wav,TEST/DR6/FLNH0/SI584.PHN,37,47270,47233
1244,TEST/DR6/FLNH0/SI941.WAV.wav,TEST/DR6/FLNH0/SI941.PHN,58,47328,47270
1245,TEST/DR6/FLNH0/SX134.WAV.wav,TEST/DR6/FLNH0/SX134.PHN,46,47374,47328
1246,TEST/DR6/FLNH0/SX224.WAV.wav,TEST/DR6/FLNH0/SX224.PHN,21,47395,47374
1247,TEST/DR6/FLNH0/SX314.WAV.wav,TEST/DR6/FLNH0/SX314.PHN,46,47441,47395
1248,TEST/DR6/FLNH0/SX404.WAV.wav,TEST/DR6/FLNH0/SX404.PHN,33,47474,47441
1249,TEST/DR6/FLNH0/SX44.WAV.wav,TEST/DR6/FLNH0/SX44.PHN,39,47513,47474
1250,TEST/DR6/FMGD0/SA1.WAV.wav,TEST/DR6/FMGD0/SA1.PHN,40,47553,47513
1251,TEST/DR6/FMGD0/SA2.WAV.wav,TEST/DR6/FMGD0/SA2.PHN,33,47586,47553
1252,TEST/DR6/FMGD0/SI1564.WAV.wav,TEST/DR6/FMGD0/SI1564.PHN,58,47644,47586
1253,TEST/DR6/FMGD0/SI2194.WAV.wav,TEST/DR6/FMGD0/SI2194.PHN,56,47700,47644
1254,TEST/DR6/FMGD0/SI934.WAV.wav,TEST/DR6/FMGD0/SI934.PHN,39,47739,47700
1255,TEST/DR6/FMGD0/SX124.WAV.wav,TEST/DR6/FMGD0/SX124.PHN,33,47772,47739
1256,TEST/DR6/FMGD0/SX214.WAV.wav,TEST/DR6/FMGD0/SX214.PHN,41,47813,47772
1257,TEST/DR6/FMGD0/SX304.WAV.wav,TEST/DR6/FMGD0/SX304.PHN,33,47846,47813
1258,TEST/DR6/FMGD0/SX34.WAV.wav,TEST/DR6/FMGD0/SX34.PHN,26,47872,47846
1259,TEST/DR6/FMGD0/SX394.WAV.wav,TEST/DR6/FMGD0/SX394.PHN,28,47900,47872
1260,TEST/DR6/MCMJ0/SA1.WAV.wav,TEST/DR6/MCMJ0/SA1.PHN,40,47940,47900
1261,TEST/DR6/MCMJ0/SA2.WAV.wav,TEST/DR6/MCMJ0/SA2.PHN,32,47972,47940
1262,TEST/DR6/MCMJ0/SI1094.WAV.wav,TEST/DR6/MCMJ0/SI1094.PHN,53,48025,47972
1263,TEST/DR6/MCMJ0/SI464.WAV.wav,TEST/DR6/MCMJ0/SI464.PHN,62,48087,48025
1264,TEST/DR6/MCMJ0/SI602.WAV.wav,TEST/DR6/MCMJ0/SI602.PHN,51,48138,48087
1265,TEST/DR6/MCMJ0/SX104.WAV.wav,TEST/DR6/MCMJ0/SX104.PHN,25,48163,48138
1266,TEST/DR6/MCMJ0/SX14.WAV.wav,TEST/DR6/MCMJ0/SX14.PHN,38,48201,48163
1267,TEST/DR6/MCMJ0/SX194.WAV.wav,TEST/DR6/MCMJ0/SX194.PHN,22,48223,48201
1268,TEST/DR6/MCMJ0/SX284.WAV.wav,TEST/DR6/MCMJ0/SX284.PHN,42,48265,48223
1269,TEST/DR6/MCMJ0/SX374.WAV.wav,TEST/DR6/MCMJ0/SX374.PHN,26,48291,48265
1270,TEST/DR6/MDSC0/SA1.WAV.wav,TEST/DR6/MDSC0/SA1.PHN,43,48334,48291
1271,TEST/DR6/MDSC0/SA2.WAV.wav,TEST/DR6/MDSC0/SA2.PHN,33,48367,48334
1272,TEST/DR6/MDSC0/SI1038.WAV.wav,TEST/DR6/MDSC0/SI1038.PHN,41,48408,48367
1273,TEST/DR6/MDSC0/SI2298.WAV.wav,TEST/DR6/MDSC0/SI2298.PHN,37,48445,48408
1274,TEST/DR6/MDSC0/SI967.WAV.wav,TEST/DR6/MDSC0/SI967.PHN,58,48503,48445
1275,TEST/DR6/MDSC0/SX138.WAV.wav,TEST/DR6/MDSC0/SX138.PHN,48,48551,48503
1276,TEST/DR6/MDSC0/SX228.WAV.wav,TEST/DR6/MDSC0/SX228.PHN,27,48578,48551
1277,TEST/DR6/MDSC0/SX318.WAV.wav,TEST/DR6/MDSC0/SX318.PHN,34,48612,48578
1278,TEST/DR6/MDSC0/SX408.WAV.wav,TEST/DR6/MDSC0/SX408.PHN,38,48650,48612
1279,TEST/DR6/MDSC0/SX48.WAV.wav,TEST/DR6/MDSC0/SX48.PHN,40,48690,48650
1280,TEST/DR6/MESD0/SA1.WAV.wav,TEST/DR6/MESD0/SA1.PHN,40,48730,48690
1281,TEST/DR6/MESD0/SA2.WAV.wav,TEST/DR6/MESD0/SA2.PHN,35,48765,48730
1282,TEST/DR6/MESD0/SI1002.WAV.wav,TEST/DR6/MESD0/SI1002.PHN,62,48827,48765
1283,TEST/DR6/MESD0/SI1632.WAV.wav,TEST/DR6/MESD0/SI1632.PHN,16,48843,48827
1284,TEST/DR6/MESD0/SI2262.WAV.wav,TEST/DR6/MESD0/SI2262.PHN,48,48891,48843
1285,TEST/DR6/MESD0/SX102.WAV.wav,TEST/DR6/MESD0/SX102.PHN,51,48942,48891
1286,TEST/DR6/MESD0/SX12.WAV.wav,TEST/DR6/MESD0/SX12.PHN,24,48966,48942
1287,TEST/DR6/MESD0/SX192.WAV.wav,TEST/DR6/MESD0/SX192.PHN,28,48994,48966
1288,TEST/DR6/MESD0/SX282.WAV.wav,TEST/DR6/MESD0/SX282.PHN,43,49037,48994
1289,TEST/DR6/MESD0/SX372.WAV.wav,TEST/DR6/MESD0/SX372.PHN,43,49080,49037
1290,TEST/DR6/MJDH0/SA1.WAV.wav,TEST/DR6/MJDH0/SA1.PHN,41,49121,49080
1291,TEST/DR6/MJDH0/SA2.WAV.wav,TEST/DR6/MJDH0/SA2.PHN,31,49152,49121
1292,TEST/DR6/MJDH0/SI1354.WAV.wav,TEST/DR6/MJDH0/SI1354.PHN,59,49211,49152
1293,TEST/DR6/MJDH0/SI1984.WAV.wav,TEST/DR6/MJDH0/SI1984.PHN,14,49225,49211
1294,TEST/DR6/MJDH0/SI724.WAV.wav,TEST/DR6/MJDH0/SI724.PHN,33,49258,49225
1295,TEST/DR6/MJDH0/SX184.WAV.wav,TEST/DR6/MJDH0/SX184.PHN,25,49283,49258
1296,TEST/DR6/MJDH0/SX274.WAV.wav,TEST/DR6/MJDH0/SX274.PHN,31,49314,49283
1297,TEST/DR6/MJDH0/SX364.WAV.wav,TEST/DR6/MJDH0/SX364.PHN,63,49377,49314
1298,TEST/DR6/MJDH0/SX4.WAV.wav,TEST/DR6/MJDH0/SX4.PHN,30,49407,49377
1299,TEST/DR6/MJDH0/SX94.WAV.wav,TEST/DR6/MJDH0/SX94.PHN,34,49441,49407
1300,TEST/DR6/MJFC0/SA1.WAV.wav,TEST/DR6/MJFC0/SA1.PHN,41,49482,49441
1301,TEST/DR6/MJFC0/SA2.WAV.wav,TEST/DR6/MJFC0/SA2.PHN,35,49517,49482
1302,TEST/DR6/MJFC0/SI1033.WAV.wav,TEST/DR6/MJFC0/SI1033.PHN,24,49541,49517
1303,TEST/DR6/MJFC0/SI1663.WAV.wav,TEST/DR6/MJFC0/SI1663.PHN,30,49571,49541
1304,TEST/DR6/MJFC0/SI2293.WAV.wav,TEST/DR6/MJFC0/SI2293.PHN,56,49627,49571
1305,TEST/DR6/MJFC0/SX133.WAV.wav,TEST/DR6/MJFC0/SX133.PHN,35,49662,49627
1306,TEST/DR6/MJFC0/SX223.WAV.wav,TEST/DR6/MJFC0/SX223.PHN,32,49694,49662
1307,TEST/DR6/MJFC0/SX313.WAV.wav,TEST/DR6/MJFC0/SX313.PHN,35,49729,49694
1308,TEST/DR6/MJFC0/SX403.WAV.wav,TEST/DR6/MJFC0/SX403.PHN,41,49770,49729
1309,TEST/DR6/MJFC0/SX43.WAV.wav,TEST/DR6/MJFC0/SX43.PHN,32,49802,49770
1310,TEST/DR6/MPAM1/SA1.WAV.wav,TEST/DR6/MPAM1/SA1.PHN,41,49843,49802
1311,TEST/DR6/MPAM1/SA2.WAV.wav,TEST/DR6/MPAM1/SA2.PHN,33,49876,49843
1312,TEST/DR6/MPAM1/SI1029.WAV.wav,TEST/DR6/MPAM1/SI1029.PHN,19,49895,49876
1313,TEST/DR6/MPAM1/SI1836.WAV.wav,TEST/DR6/MPAM1/SI1836.PHN,31,49926,49895
1314,TEST/DR6/MPAM1/SI576.WAV.wav,TEST/DR6/MPAM1/SI576.PHN,56,49982,49926
1315,TEST/DR6/MPAM1/SX126.WAV.wav,TEST/DR6/MPAM1/SX126.PHN,29,50011,49982
1316,TEST/DR6/MPAM1/SX216.WAV.wav,TEST/DR6/MPAM1/SX216.PHN,28,50039,50011
1317,TEST/DR6/MPAM1/SX306.WAV.wav,TEST/DR6/MPAM1/SX306.PHN,30,50069,50039
1318,TEST/DR6/MPAM1/SX36.WAV.wav,TEST/DR6/MPAM1/SX36.PHN,49,50118,50069
1319,TEST/DR6/MPAM1/SX396.WAV.wav,TEST/DR6/MPAM1/SX396.PHN,52,50170,50118
1320,TEST/DR6/MRJR0/SA1.WAV.wav,TEST/DR6/MRJR0/SA1.PHN,41,50211,50170
1321,TEST/DR6/MRJR0/SA2.WAV.wav,TEST/DR6/MRJR0/SA2.PHN,35,50246,50211
1322,TEST/DR6/MRJR0/SI1182.WAV.wav,TEST/DR6/MRJR0/SI1182.PHN,33,50279,50246
1323,TEST/DR6/MRJR0/SI1812.WAV.wav,TEST/DR6/MRJR0/SI1812.PHN,36,50315,50279
1324,TEST/DR6/MRJR0/SI2313.WAV.wav,TEST/DR6/MRJR0/SI2313.PHN,62,50377,50315
1325,TEST/DR6/MRJR0/SX102.WAV.wav,TEST/DR6/MRJR0/SX102.PHN,49,50426,50377
1326,TEST/DR6/MRJR0/SX12.WAV.wav,TEST/DR6/MRJR0/SX12.PHN,24,50450,50426
1327,TEST/DR6/MRJR0/SX192.WAV.wav,TEST/DR6/MRJR0/SX192.PHN,29,50479,50450
1328,TEST/DR6/MRJR0/SX282.WAV.wav,TEST/DR6/MRJR0/SX282.PHN,42,50521,50479
1329,TEST/DR6/MRJR0/SX372.WAV.wav,TEST/DR6/MRJR0/SX372.PHN,39,50560,50521
1330,TEST/DR6/MRJS0/SA1.WAV.wav,TEST/DR6/MRJS0/SA1.PHN,36,50596,50560
1331,TEST/DR6/MRJS0/SA2.WAV.wav,TEST/DR6/MRJS0/SA2.PHN,33,50629,50596
1332,TEST/DR6/MRJS0/SI1444.WAV.wav,TEST/DR6/MRJS0/SI1444.PHN,55,50684,50629
1333,TEST/DR6/MRJS0/SI1523.WAV.wav,TEST/DR6/MRJS0/SI1523.PHN,13,50697,50684
1334,TEST/DR6/MRJS0/SI2074.WAV.wav,TEST/DR6/MRJS0/SI2074.PHN,33,50730,50697
1335,TEST/DR6/MRJS0/SX184.WAV.wav,TEST/DR6/MRJS0/SX184.PHN,29,50759,50730
1336,TEST/DR6/MRJS0/SX274.WAV.wav,TEST/DR6/MRJS0/SX274.PHN,30,50789,50759
1337,TEST/DR6/MRJS0/SX364.WAV.wav,TEST/DR6/MRJS0/SX364.PHN,61,50850,50789
1338,TEST/DR6/MRJS0/SX4.WAV.wav,TEST/DR6/MRJS0/SX4.PHN,26,50876,50850
1339,TEST/DR6/MRJS0/SX94.WAV.wav,TEST/DR6/MRJS0/SX94.PHN,32,50908,50876
1340,TEST/DR7/FCAU0/SA1.WAV.wav,TEST/DR7/FCAU0/SA1.PHN,42,50950,50908
1341,TEST/DR7/FCAU0/SA2.WAV.wav,TEST/DR7/FCAU0/SA2.PHN,35,50985,50950
1342,TEST/DR7/FCAU0/SI1037.WAV.wav,TEST/DR7/FCAU0/SI1037.PHN,49,51034,50985
1343,TEST/DR7/FCAU0/SI1667.WAV.wav,TEST/DR7/FCAU0/SI1667.PHN,58,51092,51034
1344,TEST/DR7/FCAU0/SI2297.WAV.wav,TEST/DR7/FCAU0/SI2297.PHN,39,51131,51092
1345,TEST/DR7/FCAU0/SX137.WAV.wav,TEST/DR7/FCAU0/SX137.PHN,52,51183,51131
1346,TEST/DR7/FCAU0/SX227.WAV.wav,TEST/DR7/FCAU0/SX227.PHN,30,51213,51183
1347,TEST/DR7/FCAU0/SX317.WAV.wav,TEST/DR7/FCAU0/SX317.PHN,39,51252,51213
1348,TEST/DR7/FCAU0/SX407.WAV.wav,TEST/DR7/FCAU0/SX407.PHN,39,51291,51252
1349,TEST/DR7/FCAU0/SX47.WAV.wav,TEST/DR7/FCAU0/SX47.PHN,34,51325,51291
1350,TEST/DR7/FDHC0/SA1.WAV.wav,TEST/DR7/FDHC0/SA1.PHN,40,51365,51325
1351,TEST/DR7/FDHC0/SA2.WAV.wav,TEST/DR7/FDHC0/SA2.PHN,34,51399,51365
1352,TEST/DR7/FDHC0/SI1559.WAV.wav,TEST/DR7/FDHC0/SI1559.PHN,50,51449,51399
1353,TEST/DR7/FDHC0/SI2189.WAV.wav,TEST/DR7/FDHC0/SI2189.PHN,29,51478,51449
1354,TEST/DR7/FDHC0/SI929.WAV.wav,TEST/DR7/FDHC0/SI929.PHN,38,51516,51478
1355,TEST/DR7/FDHC0/SX119.WAV.wav,TEST/DR7/FDHC0/SX119.PHN,41,51557,51516
1356,TEST/DR7/FDHC0/SX209.WAV.wav,TEST/DR7/FDHC0/SX209.PHN,36,51593,51557
1357,TEST/DR7/FDHC0/SX29.WAV.wav,TEST/DR7/FDHC0/SX29.PHN,36,51629,51593
1358,TEST/DR7/FDHC0/SX299.WAV.wav,TEST/DR7/FDHC0/SX299.PHN,38,51667,51629
1359,TEST/DR7/FDHC0/SX389.WAV.wav,TEST/DR7/FDHC0/SX389.PHN,34,51701,51667
1360,TEST/DR7/FGWR0/SA1.WAV.wav,TEST/DR7/FGWR0/SA1.PHN,43,51744,51701
1361,TEST/DR7/FGWR0/SA2.WAV.wav,TEST/DR7/FGWR0/SA2.PHN,36,51780,51744
1362,TEST/DR7/FGWR0/SI1578.WAV.wav,TEST/DR7/FGWR0/SI1578.PHN,37,51817,51780
1363,TEST/DR7/FGWR0/SI2208.WAV.wav,TEST/DR7/FGWR0/SI2208.PHN,44,51861,51817
1364,TEST/DR7/FGWR0/SI948.WAV.wav,TEST/DR7/FGWR0/SI948.PHN,59,51920,51861
1365,TEST/DR7/FGWR0/SX138.WAV.wav,TEST/DR7/FGWR0/SX138.PHN,45,51965,51920
1366,TEST/DR7/FGWR0/SX228.WAV.wav,TEST/DR7/FGWR0/SX228.PHN,27,51992,51965
1367,TEST/DR7/FGWR0/SX318.WAV.wav,TEST/DR7/FGWR0/SX318.PHN,35,52027,51992
1368,TEST/DR7/FGWR0/SX408.WAV.wav,TEST/DR7/FGWR0/SX408.PHN,36,52063,52027
1369,TEST/DR7/FGWR0/SX48.WAV.wav,TEST/DR7/FGWR0/SX48.PHN,40,52103,52063
1370,TEST/DR7/FISB0/SA1.WAV.wav,TEST/DR7/FISB0/SA1.PHN,41,52144,52103
1371,TEST/DR7/FISB0/SA2.WAV.wav,TEST/DR7/FISB0/SA2.PHN,35,52179,52144
1372,TEST/DR7/FISB0/SI1579.WAV.wav,TEST/DR7/FISB0/SI1579.PHN,37,52216,52179
1373,TEST/DR7/FISB0/SI2209.WAV.wav,TEST/DR7/FISB0/SI2209.PHN,18,52234,52216
1374,TEST/DR7/FISB0/SI949.WAV.wav,TEST/DR7/FISB0/SI949.PHN,63,52297,52234
1375,TEST/DR7/FISB0/SX139.WAV.wav,TEST/DR7/FISB0/SX139.PHN,42,52339,52297
1376,TEST/DR7/FISB0/SX229.WAV.wav,TEST/DR7/FISB0/SX229.PHN,28,52367,52339
1377,TEST/DR7/FISB0/SX319.WAV.wav,TEST/DR7/FISB0/SX319.PHN,43,52410,52367
1378,TEST/DR7/FISB0/SX409.WAV.wav,TEST/DR7/FISB0/SX409.PHN,53,52463,52410
1379,TEST/DR7/FISB0/SX49.WAV.wav,TEST/DR7/FISB0/SX49.PHN,37,52500,52463
1380,TEST/DR7/FLAS0/SA1.WAV.wav,TEST/DR7/FLAS0/SA1.PHN,39,52539,52500
1381,TEST/DR7/FLAS0/SA2.WAV.wav,TEST/DR7/FLAS0/SA2.PHN,33,52572,52539
1382,TEST/DR7/FLAS0/SI1026.WAV.wav,TEST/DR7/FLAS0/SI1026.PHN,22,52594,52572
1383,TEST/DR7/FLAS0/SI1488.WAV.wav,TEST/DR7/FLAS0/SI1488.PHN,42,52636,52594
1384,TEST/DR7/FLAS0/SI858.WAV.wav,TEST/DR7/FLAS0/SI858.PHN,71,52707,52636
1385,TEST/DR7/FLAS0/SX138.WAV.wav,TEST/DR7/FLAS0/SX138.PHN,49,52756,52707
1386,TEST/DR7/FLAS0/SX228.WAV.wav,TEST/DR7/FLAS0/SX228.PHN,23,52779,52756
1387,TEST/DR7/FLAS0/SX318.WAV.wav,TEST/DR7/FLAS0/SX318.PHN,35,52814,52779
1388,TEST/DR7/FLAS0/SX408.WAV.wav,TEST/DR7/FLAS0/SX408.PHN,36,52850,52814
1389,TEST/DR7/FLAS0/SX48.WAV.wav,TEST/DR7/FLAS0/SX48.PHN,38,52888,52850
1390,TEST/DR7/FMML0/SA1.WAV.wav,TEST/DR7/FMML0/SA1.PHN,41,52929,52888
1391,TEST/DR7/FMML0/SA2.WAV.wav,TEST/DR7/FMML0/SA2.PHN,34,52963,52929
1392,TEST/DR7/FMML0/SI1040.WAV.wav,TEST/DR7/FMML0/SI1040.PHN,53,53016,52963
1393,TEST/DR7/FMML0/SI1670.WAV.wav,TEST/DR7/FMML0/SI1670.PHN,40,53056,53016
1394,TEST/DR7/FMML0/SI2300.WAV.wav,TEST/DR7/FMML0/SI2300.PHN,37,53093,53056
1395,TEST/DR7/FMML0/SX140.WAV.wav,TEST/DR7/FMML0/SX140.PHN,51,53144,53093
1396,TEST/DR7/FMML0/SX230.WAV.wav,TEST/DR7/FMML0/SX230.PHN,34,53178,53144
1397,TEST/DR7/FMML0/SX320.WAV.wav,TEST/DR7/FMML0/SX320.PHN,45,53223,53178
1398,TEST/DR7/FMML0/SX410.WAV.wav,TEST/DR7/FMML0/SX410.PHN,37,53260,53223
1399,TEST/DR7/FMML0/SX50.WAV.wav,TEST/DR7/FMML0/SX50.PHN,46,53306,53260
1400,TEST/DR7/FSXA0/SA1.WAV.wav,TEST/DR7/FSXA0/SA1.PHN,42,53348,53306
1401,TEST/DR7/FSXA0/SA2.WAV.wav,TEST/DR7/FSXA0/SA2.PHN,36,53384,53348
1402,TEST/DR7/FSXA0/SI1108.WAV.wav,TEST/DR7/FSXA0/SI1108.PHN,42,53426,53384
1403,TEST/DR7/FSXA0/SI1846.WAV.wav,TEST/DR7/FSXA0/SI1846.PHN,24,53450,53426
1404,TEST/DR7/FSXA0/SI478.WAV.wav,TEST/DR7/FSXA0/SI478.PHN,39,53489,53450
1405,TEST/DR7/FSXA0/SX118.WAV.wav,TEST/DR7/FSXA0/SX118.PHN,39,53528,53489
1406,TEST/DR7/FSXA0/SX208.WAV.wav,TEST/DR7/FSXA0/SX208.PHN,41,53569,53528
1407,TEST/DR7/FSXA0/SX28.WAV.wav,TEST/DR7/FSXA0/SX28.PHN,33,53602,53569
1408,TEST/DR7/FSXA0/SX298.WAV.wav,TEST/DR7/FSXA0/SX298.PHN,37,53639,53602
1409,TEST/DR7/FSXA0/SX388.WAV.wav,TEST/DR7/FSXA0/SX388.PHN,51,53690,53639
1410,TEST/DR7/FTLH0/SA1.WAV.wav,TEST/DR7/FTLH0/SA1.PHN,42,53732,53690
1411,TEST/DR7/FTLH0/SA2.WAV.wav,TEST/DR7/FTLH0/SA2.PHN,38,53770,53732
1412,TEST/DR7/FTLH0/SI1009.WAV.wav,TEST/DR7/FTLH0/SI1009.PHN,30,53800,53770
1413,TEST/DR7/FTLH0/SI1390.WAV.wav,TEST/DR7/FTLH0/SI1390.PHN,64,53864,53800
1414,TEST/DR7/FTLH0/SI1639.WAV.wav,TEST/DR7/FTLH0/SI1639.PHN,25,53889,53864
1415,TEST/DR7/FTLH0/SX109.WAV.wav,TEST/DR7/FTLH0/SX109.PHN,45,53934,53889
1416,TEST/DR7/FTLH0/SX19.WAV.wav,TEST/DR7/FTLH0/SX19.PHN,37,53971,53934
1417,TEST/DR7/FTLH0/SX199.WAV.wav,TEST/DR7/FTLH0/SX199.PHN,55,54026,53971
1418,TEST/DR7/FTLH0/SX289.WAV.wav,TEST/DR7/FTLH0/SX289.PHN,39,54065,54026
1419,TEST/DR7/FTLH0/SX379.WAV.wav,TEST/DR7/FTLH0/SX379.PHN,31,54096,54065
1420,TEST/DR7/MCHH0/SA1.WAV.wav,TEST/DR7/MCHH0/SA1.PHN,40,54136,54096
1421,TEST/DR7/MCHH0/SA2.WAV.wav,TEST/DR7/MCHH0/SA2.PHN,33,54169,54136
1422,TEST/DR7/MCHH0/SI1004.WAV.wav,TEST/DR7/MCHH0/SI1004.PHN,61,54230,54169
1423,TEST/DR7/MCHH0/SI1634.WAV.wav,TEST/DR7/MCHH0/SI1634.PHN,29,54259,54230
1424,TEST/DR7/MCHH0/SI530.WAV.wav,TEST/DR7/MCHH0/SI530.PHN,61,54320,54259
1425,TEST/DR7/MCHH0/SX104.WAV.wav,TEST/DR7/MCHH0/SX104.PHN,26,54346,54320
1426,TEST/DR7/MCHH0/SX14.WAV.wav,TEST/DR7/MCHH0/SX14.PHN,34,54380,54346
1427,TEST/DR7/MCHH0/SX194.WAV.wav,TEST/DR7/MCHH0/SX194.PHN,22,54402,54380
1428,TEST/DR7/MCHH0/SX284.WAV.wav,TEST/DR7/MCHH0/SX284.PHN,45,54447,54402
1429,TEST/DR7/MCHH0/SX374.WAV.wav,TEST/DR7/MCHH0/SX374.PHN,24,54471,54447
1430,TEST/DR7/MDLF0/SA1.WAV.wav,TEST/DR7/MDLF0/SA1.PHN,41,54512,54471
1431,TEST/DR7/MDLF0/SA2.WAV.wav,TEST/DR7/MDLF0/SA2.PHN,33,54545,54512
1432,TEST/DR7/MDLF0/SI1583.WAV.wav,TEST/DR7/MDLF0/SI1583.PHN,37,54582,54545
1433,TEST/DR7/MDLF0/SI2213.WAV.wav,TEST/DR7/MDLF0/SI2213.PHN,20,54602,54582
1434,TEST/DR7/MDLF0/SI953.WAV.wav,TEST/DR7/MDLF0/SI953.PHN,64,54666,54602
1435,TEST/DR7/MDLF0/SX143.WAV.wav,TEST/DR7/MDLF0/SX143.PHN,41,54707,54666
1436,TEST/DR7/MDLF0/SX233.WAV.wav,TEST/DR7/MDLF0/SX233.PHN,25,54732,54707
1437,TEST/DR7/MDLF0/SX323.WAV.wav,TEST/DR7/MDLF0/SX323.PHN,33,54765,54732
1438,TEST/DR7/MDLF0/SX413.WAV.wav,TEST/DR7/MDLF0/SX413.PHN,43,54808,54765
1439,TEST/DR7/MDLF0/SX53.WAV.wav,TEST/DR7/MDLF0/SX53.PHN,41,54849,54808
1440,TEST/DR7/MDVC0/SA1.WAV.wav,TEST/DR7/MDVC0/SA1.PHN,41,54890,54849
1441,TEST/DR7/MDVC0/SA2.WAV.wav,TEST/DR7/MDVC0/SA2.PHN,37,54927,54890
1442,TEST/DR7/MDVC0/SI2174.WAV.wav,TEST/DR7/MDVC0/SI2174.PHN,18,54945,54927
1443,TEST/DR7/MDVC0/SI2196.WAV.wav,TEST/DR7/MDVC0/SI2196.PHN,62,55007,54945
1444,TEST/DR7/MDVC0/SI936.WAV.wav,TEST/DR7/MDVC0/SI936.PHN,36,55043,55007
1445,TEST/DR7/MDVC0/SX126.WAV.wav,TEST/DR7/MDVC0/SX126.PHN,34,55077,55043
1446,TEST/DR7/MDVC0/SX216.WAV.wav,TEST/DR7/MDVC0/SX216.PHN,29,55106,55077
1447,TEST/DR7/MDVC0/SX306.WAV.wav,TEST/DR7/MDVC0/SX306.PHN,31,55137,55106
1448,TEST/DR7/MDVC0/SX36.WAV.wav,TEST/DR7/MDVC0/SX36.PHN,50,55187,55137
1449,TEST/DR7/MDVC0/SX396.WAV.wav,TEST/DR7/MDVC0/SX396.PHN,52,55239,55187
1450,TEST/DR7/MERS0/SA1.WAV.wav,TEST/DR7/MERS0/SA1.PHN,43,55282,55239
1451,TEST/DR7/MERS0/SA2.WAV.wav,TEST/DR7/MERS0/SA2.PHN,35,55317,55282
1452,TEST/DR7/MERS0/SI1019.WAV.wav,TEST/DR7/MERS0/SI1019.PHN,40,55357,55317
1453,TEST/DR7/MERS0/SI1649.WAV.wav,TEST/DR7/MERS0/SI1649.PHN,21,55378,55357
1454,TEST/DR7/MERS0/SI497.WAV.wav,TEST/DR7/MERS0/SI497.PHN,69,55447,55378
1455,TEST/DR7/MERS0/SX119.WAV.wav,TEST/DR7/MERS0/SX119.PHN,41,55488,55447
1456,TEST/DR7/MERS0/SX209.WAV.wav,TEST/DR7/MERS0/SX209.PHN,38,55526,55488
1457,TEST/DR7/MERS0/SX29.WAV.wav,TEST/DR7/MERS0/SX29.PHN,35,55561,55526
1458,TEST/DR7/MERS0/SX299.WAV.wav,TEST/DR7/MERS0/SX299.PHN,39,55600,55561
1459,TEST/DR7/MERS0/SX389.WAV.wav,TEST/DR7/MERS0/SX389.PHN,38,55638,55600
1460,TEST/DR7/MGRT0/SA1.WAV.wav,TEST/DR7/MGRT0/SA1.PHN,42,55680,55638
1461,TEST/DR7/MGRT0/SA2.WAV.wav,TEST/DR7/MGRT0/SA2.PHN,40,55720,55680
1462,TEST/DR7/MGRT0/SI1450.WAV.wav,TEST/DR7/MGRT0/SI1450.PHN,69,55789,55720
1463,TEST/DR7/MGRT0/SI2080.WAV.wav,TEST/DR7/MGRT0/SI2080.PHN,24,55813,55789
1464,TEST/DR7/MGRT0/SI820.WAV.wav,TEST/DR7/MGRT0/SI820.PHN,62,55875,55813
1465,TEST/DR7/MGRT0/SX10.WAV.wav,TEST/DR7/MGRT0/SX10.PHN,29,55904,55875
1466,TEST/DR7/MGRT0/SX100.WAV.wav,TEST/DR7/MGRT0/SX100.PHN,39,55943,55904
1467,TEST/DR7/MGRT0/SX190.WAV.wav,TEST/DR7/MGRT0/SX190.PHN,28,55971,55943
1468,TEST/DR7/MGRT0/SX280.WAV.wav,TEST/DR7/MGRT0/SX280.PHN,18,55989,55971
1469,TEST/DR7/MGRT0/SX370.WAV.wav,TEST/DR7/MGRT0/SX370.PHN,37,56026,55989
1470,TEST/DR7/MKDR0/SA1.WAV.wav,TEST/DR7/MKDR0/SA1.PHN,38,56064,56026
1471,TEST/DR7/MKDR0/SA2.WAV.wav,TEST/DR7/MKDR0/SA2.PHN,34,56098,56064
1472,TEST/DR7/MKDR0/SI1273.WAV.wav,TEST/DR7/MKDR0/SI1273.PHN,62,56160,56098
1473,TEST/DR7/MKDR0/SI1903.WAV.wav,TEST/DR7/MKDR0/SI1903.PHN,33,56193,56160
1474,TEST/DR7/MKDR0/SI643.WAV.wav,TEST/DR7/MKDR0/SI643.PHN,37,56230,56193
1475,TEST/DR7/MKDR0/SX103.WAV.wav,TEST/DR7/MKDR0/SX103.PHN,34,56264,56230
1476,TEST/DR7/MKDR0/SX13.WAV.wav,TEST/DR7/MKDR0/SX13.PHN,22,56286,56264
1477,TEST/DR7/MKDR0/SX193.WAV.wav,TEST/DR7/MKDR0/SX193.PHN,24,56310,56286
1478,TEST/DR7/MKDR0/SX283.WAV.wav,TEST/DR7/MKDR0/SX283.PHN,46,56356,56310
1479,TEST/DR7/MKDR0/SX373.WAV.wav,TEST/DR7/MKDR0/SX373.PHN,33,56389,56356
1480,TEST/DR7/MKJL0/SA1.WAV.wav,TEST/DR7/MKJL0/SA1.PHN,41,56430,56389
1481,TEST/DR7/MKJL0/SA2.WAV.wav,TEST/DR7/MKJL0/SA2.PHN,31,56461,56430
1482,TEST/DR7/MKJL0/SI1100.WAV.wav,TEST/DR7/MKJL0/SI1100.PHN,32,56493,56461
1483,TEST/DR7/MKJL0/SI1730.WAV.wav,TEST/DR7/MKJL0/SI1730.PHN,52,56545,56493
1484,TEST/DR7/MKJL0/SI470.WAV.wav,TEST/DR7/MKJL0/SI470.PHN,25,56570,56545
1485,TEST/DR7/MKJL0/SX110.WAV.wav,TEST/DR7/MKJL0/SX110.PHN,39,56609,56570
1486,TEST/DR7/MKJL0/SX20.WAV.wav,TEST/DR7/MKJL0/SX20.PHN,27,56636,56609
1487,TEST/DR7/MKJL0/SX200.WAV.wav,TEST/DR7/MKJL0/SX200.PHN,39,56675,56636
1488,TEST/DR7/MKJL0/SX290.WAV.wav,TEST/DR7/MKJL0/SX290.PHN,55,56730,56675
1489,TEST/DR7/MKJL0/SX380.WAV.wav,TEST/DR7/MKJL0/SX380.PHN,30,56760,56730
1490,TEST/DR7/MNJM0/SA1.WAV.wav,TEST/DR7/MNJM0/SA1.PHN,38,56798,56760
1491,TEST/DR7/MNJM0/SA2.WAV.wav,TEST/DR7/MNJM0/SA2.PHN,33,56831,56798
1492,TEST/DR7/MNJM0/SI1580.WAV.wav,TEST/DR7/MNJM0/SI1580.PHN,36,56867,56831
1493,TEST/DR7/MNJM0/SI2210.WAV.wav,TEST/DR7/MNJM0/SI2210.PHN,26,56893,56867
1494,TEST/DR7/MNJM0/SI950.WAV.wav,TEST/DR7/MNJM0/SI950.PHN,61,56954,56893
1495,TEST/DR7/MNJM0/SX140.WAV.wav,TEST/DR7/MNJM0/SX140.PHN,43,56997,56954
1496,TEST/DR7/MNJM0/SX230.WAV.wav,TEST/DR7/MNJM0/SX230.PHN,31,57028,56997
1497,TEST/DR7/MNJM0/SX320.WAV.wav,TEST/DR7/MNJM0/SX320.PHN,46,57074,57028
1498,TEST/DR7/MNJM0/SX410.WAV.wav,TEST/DR7/MNJM0/SX410.PHN,34,57108,57074
1499,TEST/DR7/MNJM0/SX50.WAV.wav,TEST/DR7/MNJM0/SX50.PHN,45,57153,57108
1500,TEST/DR7/MNLS0/SA1.WAV.wav,TEST/DR7/MNLS0/SA1.PHN,42,57195,57153
1501,TEST/DR7/MNLS0/SA2.WAV.wav,TEST/DR7/MNLS0/SA2.PHN,33,57228,57195
1502,TEST/DR7/MNLS0/SI1483.WAV.wav,TEST/DR7/MNLS0/SI1483.PHN,23,57251,57228
1503,TEST/DR7/MNLS0/SI1610.WAV.wav,TEST/DR7/MNLS0/SI1610.PHN,59,57310,57251
1504,TEST/DR7/MNLS0/SI853.WAV.wav,TEST/DR7/MNLS0/SI853.PHN,41,57351,57310
1505,TEST/DR7/MNLS0/SX133.WAV.wav,TEST/DR7/MNLS0/SX133.PHN,37,57388,57351
1506,TEST/DR7/MNLS0/SX223.WAV.wav,TEST/DR7/MNLS0/SX223.PHN,35,57423,57388
1507,TEST/DR7/MNLS0/SX313.WAV.wav,TEST/DR7/MNLS0/SX313.PHN,34,57457,57423
1508,TEST/DR7/MNLS0/SX403.WAV.wav,TEST/DR7/MNLS0/SX403.PHN,37,57494,57457
1509,TEST/DR7/MNLS0/SX43.WAV.wav,TEST/DR7/MNLS0/SX43.PHN,34,57528,57494
1510,TEST/DR7/MPAB0/SA1.WAV.wav,TEST/DR7/MPAB0/SA1.PHN,43,57571,57528
1511,TEST/DR7/MPAB0/SA2.WAV.wav,TEST/DR7/MPAB0/SA2.PHN,39,57610,57571
1512,TEST/DR7/MPAB0/SI1103.WAV.wav,TEST/DR7/MPAB0/SI1103.PHN,66,57676,57610
1513,TEST/DR7/MPAB0/SI1128.WAV.wav,TEST/DR7/MPAB0/SI1128.PHN,43,57719,57676
1514,TEST/DR7/MPAB0/SI498.WAV.wav,TEST/DR7/MPAB0/SI498.PHN,52,57771,57719
1515,TEST/DR7/MPAB0/SX138.WAV.wav,TEST/DR7/MPAB0/SX138.PHN,47,57818,57771
1516,TEST/DR7/MPAB0/SX228.WAV.wav,TEST/DR7/MPAB0/SX228.PHN,27,57845,57818
1517,TEST/DR7/MPAB0/SX318.WAV.wav,TEST/DR7/MPAB0/SX318.PHN,38,57883,57845
1518,TEST/DR7/MPAB0/SX408.WAV.wav,TEST/DR7/MPAB0/SX408.PHN,39,57922,57883
1519,TEST/DR7/MPAB0/SX48.WAV.wav,TEST/DR7/MPAB0/SX48.PHN,45,57967,57922
1520,TEST/DR7/MRCS0/SA1.WAV.wav,TEST/DR7/MRCS0/SA1.PHN,40,58007,57967
1521,TEST/DR7/MRCS0/SA2.WAV.wav,TEST/DR7/MRCS0/SA2.PHN,37,58044,58007
1522,TEST/DR7/MRCS0/SI1223.WAV.wav,TEST/DR7/MRCS0/SI1223.PHN,26,58070,58044
1523,TEST/DR7/MRCS0/SI1853.WAV.wav,TEST/DR7/MRCS0/SI1853.PHN,58,58128,58070
1524,TEST/DR7/MRCS0/SI593.WAV.wav,TEST/DR7/MRCS0/SI593.PHN,36,58164,58128
1525,TEST/DR7/MRCS0/SX143.WAV.wav,TEST/DR7/MRCS0/SX143.PHN,42,58206,58164
1526,TEST/DR7/MRCS0/SX233.WAV.wav,TEST/DR7/MRCS0/SX233.PHN,29,58235,58206
1527,TEST/DR7/MRCS0/SX323.WAV.wav,TEST/DR7/MRCS0/SX323.PHN,33,58268,58235
1528,TEST/DR7/MRCS0/SX413.WAV.wav,TEST/DR7/MRCS0/SX413.PHN,46,58314,58268
1529,TEST/DR7/MRCS0/SX53.WAV.wav,TEST/DR7/MRCS0/SX53.PHN,40,58354,58314
1530,TEST/DR7/MRJM4/SA1.WAV.wav,TEST/DR7/MRJM4/SA1.PHN,39,58393,58354
1531,TEST/DR7/MRJM4/SA2.WAV.wav,TEST/DR7/MRJM4/SA2.PHN,32,58425,58393
1532,TEST/DR7/MRJM4/SI1489.WAV.wav,TEST/DR7/MRJM4/SI1489.PHN,18,58443,58425
1533,TEST/DR7/MRJM4/SI2119.WAV.wav,TEST/DR7/MRJM4/SI2119.PHN,36,58479,58443
1534,TEST/DR7/MRJM4/SI859.WAV.wav,TEST/DR7/MRJM4/SI859.PHN,62,58541,58479
1535,TEST/DR7/MRJM4/SX139.WAV.wav,TEST/DR7/MRJM4/SX139.PHN,41,58582,58541
1536,TEST/DR7/MRJM4/SX229.WAV.wav,TEST/DR7/MRJM4/SX229.PHN,27,58609,58582
1537,TEST/DR7/MRJM4/SX319.WAV.wav,TEST/DR7/MRJM4/SX319.PHN,38,58647,58609
1538,TEST/DR7/MRJM4/SX409.WAV.wav,TEST/DR7/MRJM4/SX409.PHN,47,58694,58647
1539,TEST/DR7/MRJM4/SX49.WAV.wav,TEST/DR7/MRJM4/SX49.PHN,36,58730,58694
1540,TEST/DR7/MRMS1/SA1.WAV.wav,TEST/DR7/MRMS1/SA1.PHN,41,58771,58730
1541,TEST/DR7/MRMS1/SA2.WAV.wav,TEST/DR7/MRMS1/SA2.PHN,35,58806,58771
1542,TEST/DR7/MRMS1/SI1487.WAV.wav,TEST/DR7/MRMS1/SI1487.PHN,27,58833,58806
1543,TEST/DR7/MRMS1/SI2117.WAV.wav,TEST/DR7/MRMS1/SI2117.PHN,54,58887,58833
1544,TEST/DR7/MRMS1/SI857.WAV.wav,TEST/DR7/MRMS1/SI857.PHN,57,58944,58887
1545,TEST/DR7/MRMS1/SX137.WAV.wav,TEST/DR7/MRMS1/SX137.PHN,51,58995,58944
1546,TEST/DR7/MRMS1/SX227.WAV.wav,TEST/DR7/MRMS1/SX227.PHN,30,59025,58995
1547,TEST/DR7/MRMS1/SX317.WAV.wav,TEST/DR7/MRMS1/SX317.PHN,40,59065,59025
1548,TEST/DR7/MRMS1/SX407.WAV.wav,TEST/DR7/MRMS1/SX407.PHN,37,59102,59065
1549,TEST/DR7/MRMS1/SX47.WAV.wav,TEST/DR7/MRMS1/SX47.PHN,33,59135,59102
1550,TEST/DR7/MRPC0/SA1.WAV.wav,TEST/DR7/MRPC0/SA1.PHN,42,59177,59135
1551,TEST/DR7/MRPC0/SA2.WAV.wav,TEST/DR7/MRPC0/SA2.PHN,35,59212,59177
1552,TEST/DR7/MRPC0/SI1753.WAV.wav,TEST/DR7/MRPC0/SI1753.PHN,50,59262,59212
1553,TEST/DR7/MRPC0/SI493.WAV.wav,TEST/DR7/MRPC0/SI493.PHN,54,59316,59262
1554,TEST/DR7/MRPC0/SI933.WAV.wav,TEST/DR7/MRPC0/SI933.PHN,30,59346,59316
1555,TEST/DR7/MRPC0/SX133.WAV.wav,TEST/DR7/MRPC0/SX133.PHN,38,59384,59346
1556,TEST/DR7/MRPC0/SX223.WAV.wav,TEST/DR7/MRPC0/SX223.PHN,32,59416,59384
1557,TEST/DR7/MRPC0/SX313.WAV.wav,TEST/DR7/MRPC0/SX313.PHN,37,59453,59416
1558,TEST/DR7/MRPC0/SX403.WAV.wav,TEST/DR7/MRPC0/SX403.PHN,40,59493,59453
1559,TEST/DR7/MRPC0/SX43.WAV.wav,TEST/DR7/MRPC0/SX43.PHN,34,59527,59493
1560,TEST/DR7/MTWH0/SA1.WAV.wav,TEST/DR7/MTWH0/SA1.PHN,40,59567,59527
1561,TEST/DR7/MTWH0/SA2.WAV.wav,TEST/DR7/MTWH0/SA2.PHN,34,59601,59567
1562,TEST/DR7/MTWH0/SI1190.WAV.wav,TEST/DR7/MTWH0/SI1190.PHN,63,59664,59601
1563,TEST/DR7/MTWH0/SI1629.WAV.wav,TEST/DR7/MTWH0/SI1629.PHN,22,59686,59664
1564,TEST/DR7/MTWH0/SI1820.WAV.wav,TEST/DR7/MTWH0/SI1820.PHN,48,59734,59686
1565,TEST/DR7/MTWH0/SX110.WAV.wav,TEST/DR7/MTWH0/SX110.PHN,45,59779,59734
1566,TEST/DR7/MTWH0/SX20.WAV.wav,TEST/DR7/MTWH0/SX20.PHN,28,59807,59779
1567,TEST/DR7/MTWH0/SX200.WAV.wav,TEST/DR7/MTWH0/SX200.PHN,41,59848,59807
1568,TEST/DR7/MTWH0/SX290.WAV.wav,TEST/DR7/MTWH0/SX290.PHN,58,59906,59848
1569,TEST/DR7/MTWH0/SX380.WAV.wav,TEST/DR7/MTWH0/SX380.PHN,28,59934,59906
1570,TEST/DR8/FCMH1/SA1.WAV.wav,TEST/DR8/FCMH1/SA1.PHN,40,59974,59934
1571,TEST/DR8/FCMH1/SA2.WAV.wav,TEST/DR8/FCMH1/SA2.PHN,33,60007,59974
1572,TEST/DR8/FCMH1/SI1493.WAV.wav,TEST/DR8/FCMH1/SI1493.PHN,38,60045,60007
1573,TEST/DR8/FCMH1/SI2123.WAV.wav,TEST/DR8/FCMH1/SI2123.PHN,41,60086,60045
1574,TEST/DR8/FCMH1/SI863.WAV.wav,TEST/DR8/FCMH1/SI863.PHN,61,60147,60086
1575,TEST/DR8/FCMH1/SX143.WAV.wav,TEST/DR8/FCMH1/SX143.PHN,40,60187,60147
1576,TEST/DR8/FCMH1/SX233.WAV.wav,TEST/DR8/FCMH1/SX233.PHN,25,60212,60187
1577,TEST/DR8/FCMH1/SX323.WAV.wav,TEST/DR8/FCMH1/SX323.PHN,33,60245,60212
1578,TEST/DR8/FCMH1/SX413.WAV.wav,TEST/DR8/FCMH1/SX413.PHN,45,60290,60245
1579,TEST/DR8/FCMH1/SX53.WAV.wav,TEST/DR8/FCMH1/SX53.PHN,41,60331,60290
1580,TEST/DR8/FJSJ0/SA1.WAV.wav,TEST/DR8/FJSJ0/SA1.PHN,40,60371,60331
1581,TEST/DR8/FJSJ0/SA2.WAV.wav,TEST/DR8/FJSJ0/SA2.PHN,32,60403,60371
1582,TEST/DR8/FJSJ0/SI1484.WAV.wav,TEST/DR8/FJSJ0/SI1484.PHN,30,60433,60403
1583,TEST/DR8/FJSJ0/SI2114.WAV.wav,TEST/DR8/FJSJ0/SI2114.PHN,30,60463,60433
1584,TEST/DR8/FJSJ0/SI854.WAV.wav,TEST/DR8/FJSJ0/SI854.PHN,35,60498,60463
1585,TEST/DR8/FJSJ0/SX134.WAV.wav,TEST/DR8/FJSJ0/SX134.PHN,47,60545,60498
1586,TEST/DR8/FJSJ0/SX224.WAV.wav,TEST/DR8/FJSJ0/SX224.PHN,19,60564,60545
1587,TEST/DR8/FJSJ0/SX314.WAV.wav,TEST/DR8/FJSJ0/SX314.PHN,46,60610,60564
1588,TEST/DR8/FJSJ0/SX404.WAV.wav,TEST/DR8/FJSJ0/SX404.PHN,33,60643,60610
1589,TEST/DR8/FJSJ0/SX44.WAV.wav,TEST/DR8/FJSJ0/SX44.PHN,37,60680,60643
1590,TEST/DR8/FMLD0/SA1.WAV.wav,TEST/DR8/FMLD0/SA1.PHN,39,60719,60680
1591,TEST/DR8/FMLD0/SA2.WAV.wav,TEST/DR8/FMLD0/SA2.PHN,32,60751,60719
1592,TEST/DR8/FMLD0/SI2185.WAV.wav,TEST/DR8/FMLD0/SI2185.PHN,46,60797,60751
1593,TEST/DR8/FMLD0/SI822.WAV.wav,TEST/DR8/FMLD0/SI822.PHN,67,60864,60797
1594,TEST/DR8/FMLD0/SI925.WAV.wav,TEST/DR8/FMLD0/SI925.PHN,38,60902,60864
1595,TEST/DR8/FMLD0/SX115.WAV.wav,TEST/DR8/FMLD0/SX115.PHN,39,60941,60902
1596,TEST/DR8/FMLD0/SX205.WAV.wav,TEST/DR8/FMLD0/SX205.PHN,49,60990,60941
1597,TEST/DR8/FMLD0/SX25.WAV.wav,TEST/DR8/FMLD0/SX25.PHN,21,61011,60990
1598,TEST/DR8/FMLD0/SX295.WAV.wav,TEST/DR8/FMLD0/SX295.PHN,41,61052,61011
1599,TEST/DR8/FMLD0/SX385.WAV.wav,TEST/DR8/FMLD0/SX385.PHN,32,61084,61052
1600,TEST/DR8/MAJC0/SA1.WAV.wav,TEST/DR8/MAJC0/SA1.PHN,39,61123,61084
1601,TEST/DR8/MAJC0/SA2.WAV.wav,TEST/DR8/MAJC0/SA2.PHN,32,61155,61123
1602,TEST/DR8/MAJC0/SI1946.WAV.wav,TEST/DR8/MAJC0/SI1946.PHN,36,61191,61155
1603,TEST/DR8/MAJC0/SI2095.WAV.wav,TEST/DR8/MAJC0/SI2095.PHN,31,61222,61191
1604,TEST/DR8/MAJC0/SI835.WAV.wav,TEST/DR8/MAJC0/SI835.PHN,60,61282,61222
1605,TEST/DR8/MAJC0/SX115.WAV.wav,TEST/DR8/MAJC0/SX115.PHN,38,61320,61282
1606,TEST/DR8/MAJC0/SX205.WAV.wav,TEST/DR8/MAJC0/SX205.PHN,48,61368,61320
1607,TEST/DR8/MAJC0/SX25.WAV.wav,TEST/DR8/MAJC0/SX25.PHN,23,61391,61368
1608,TEST/DR8/MAJC0/SX295.WAV.wav,TEST/DR8/MAJC0/SX295.PHN,43,61434,61391
1609,TEST/DR8/MAJC0/SX385.WAV.wav,TEST/DR8/MAJC0/SX385.PHN,32,61466,61434
1610,TEST/DR8/MDAW1/SA1.WAV.wav,TEST/DR8/MDAW1/SA1.PHN,40,61506,61466
1611,TEST/DR8/MDAW1/SA2.WAV.wav,TEST/DR8/MDAW1/SA2.PHN,33,61539,61506
1612,TEST/DR8/MDAW1/SI1453.WAV.wav,TEST/DR8/MDAW1/SI1453.PHN,58,61597,61539
1613,TEST/DR8/MDAW1/SI2083.WAV.wav,TEST/DR8/MDAW1/SI2083.PHN,43,61640,61597
1614,TEST/DR8/MDAW1/SI823.WAV.wav,TEST/DR8/MDAW1/SI823.PHN,43,61683,61640
1615,TEST/DR8/MDAW1/SX103.WAV.wav,TEST/DR8/MDAW1/SX103.PHN,35,61718,61683
1616,TEST/DR8/MDAW1/SX13.WAV.wav,TEST/DR8/MDAW1/SX13.PHN,25,61743,61718
1617,TEST/DR8/MDAW1/SX193.WAV.wav,TEST/DR8/MDAW1/SX193.PHN,28,61771,61743
1618,TEST/DR8/MDAW1/SX283.WAV.wav,TEST/DR8/MDAW1/SX283.PHN,43,61814,61771
1619,TEST/DR8/MDAW1/SX373.WAV.wav,TEST/DR8/MDAW1/SX373.PHN,36,61850,61814
1620,TEST/DR8/MJLN0/SA1.WAV.wav,TEST/DR8/MJLN0/SA1.PHN,39,61889,61850
1621,TEST/DR8/MJLN0/SA2.WAV.wav,TEST/DR8/MJLN0/SA2.PHN,32,61921,61889
1622,TEST/DR8/MJLN0/SI1449.WAV.wav,TEST/DR8/MJLN0/SI1449.PHN,58,61979,61921
1623,TEST/DR8/MJLN0/SI2079.WAV.wav,TEST/DR8/MJLN0/SI2079.PHN,17,61996,61979
1624,TEST/DR8/MJLN0/SI819.WAV.wav,TEST/DR8/MJLN0/SI819.PHN,57,62053,61996
1625,TEST/DR8/MJLN0/SX189.WAV.wav,TEST/DR8/MJLN0/SX189.PHN,34,62087,62053
1626,TEST/DR8/MJLN0/SX279.WAV.wav,TEST/DR8/MJLN0/SX279.PHN,49,62136,62087
1627,TEST/DR8/MJLN0/SX369.WAV.wav,TEST/DR8/MJLN0/SX369.PHN,28,62164,62136
1628,TEST/DR8/MJLN0/SX9.WAV.wav,TEST/DR8/MJLN0/SX9.PHN,19,62183,62164
1629,TEST/DR8/MJLN0/SX99.WAV.wav,TEST/DR8/MJLN0/SX99.PHN,36,62219,62183
1630,TEST/DR8/MJTC0/SA1.WAV.wav,TEST/DR8/MJTC0/SA1.PHN,40,62259,62219
1631,TEST/DR8/MJTC0/SA2.WAV.wav,TEST/DR8/MJTC0/SA2.PHN,33,62292,62259
1632,TEST/DR8/MJTC0/SI1460.WAV.wav,TEST/DR8/MJTC0/SI1460.PHN,66,62358,62292
1633,TEST/DR8/MJTC0/SI2090.WAV.wav,TEST/DR8/MJTC0/SI2090.PHN,26,62384,62358
1634,TEST/DR8/MJTC0/SI830.WAV.wav,TEST/DR8/MJTC0/SI830.PHN,36,62420,62384
1635,TEST/DR8/MJTC0/SX110.WAV.wav,TEST/DR8/MJTC0/SX110.PHN,43,62463,62420
1636,TEST/DR8/MJTC0/SX20.WAV.wav,TEST/DR8/MJTC0/SX20.PHN,30,62493,62463
1637,TEST/DR8/MJTC0/SX200.WAV.wav,TEST/DR8/MJTC0/SX200.PHN,40,62533,62493
1638,TEST/DR8/MJTC0/SX290.WAV.wav,TEST/DR8/MJTC0/SX290.PHN,52,62585,62533
1639,TEST/DR8/MJTC0/SX380.WAV.wav,TEST/DR8/MJTC0/SX380.PHN,29,62614,62585
1640,TEST/DR8/MJTH0/SA1.WAV.wav,TEST/DR8/MJTH0/SA1.PHN,42,62656,62614
1641,TEST/DR8/MJTH0/SA2.WAV.wav,TEST/DR8/MJTH0/SA2.PHN,34,62690,62656
1642,TEST/DR8/MJTH0/SI1296.WAV.wav,TEST/DR8/MJTH0/SI1296.PHN,59,62749,62690
1643,TEST/DR8/MJTH0/SI1926.WAV.wav,TEST/DR8/MJTH0/SI1926.PHN,29,62778,62749
1644,TEST/DR8/MJTH0/SI666.WAV.wav,TEST/DR8/MJTH0/SI666.PHN,36,62814,62778
1645,TEST/DR8/MJTH0/SX126.WAV.wav,TEST/DR8/MJTH0/SX126.PHN,30,62844,62814
1646,TEST/DR8/MJTH0/SX216.WAV.wav,TEST/DR8/MJTH0/SX216.PHN,28,62872,62844
1647,TEST/DR8/MJTH0/SX306.WAV.wav,TEST/DR8/MJTH0/SX306.PHN,28,62900,62872
1648,TEST/DR8/MJTH0/SX36.WAV.wav,TEST/DR8/MJTH0/SX36.PHN,50,62950,62900
1649,TEST/DR8/MJTH0/SX396.WAV.wav,TEST/DR8/MJTH0/SX396.PHN,51,63001,62950
1650,TEST/DR8/MPAM0/SA1.WAV.wav,TEST/DR8/MPAM0/SA1.PHN,39,63040,63001
1651,TEST/DR8/MPAM0/SA2.WAV.wav,TEST/DR8/MPAM0/SA2.PHN,33,63073,63040
1652,TEST/DR8/MPAM0/SI1189.WAV.wav,TEST/DR8/MPAM0/SI1189.PHN,30,63103,63073
1653,TEST/DR8/MPAM0/SI1819.WAV.wav,TEST/DR8/MPAM0/SI1819.PHN,32,63135,63103
1654,TEST/DR8/MPAM0/SI1961.WAV.wav,TEST/DR8/MPAM0/SI1961.PHN,57,63192,63135
1655,TEST/DR8/MPAM0/SX109.WAV.wav,TEST/DR8/MPAM0/SX109.PHN,36,63228,63192
1656,TEST/DR8/MPAM0/SX19.WAV.wav,TEST/DR8/MPAM0/SX19.PHN,34,63262,63228
1657,TEST/DR8/MPAM0/SX199.WAV.wav,TEST/DR8/MPAM0/SX199.PHN,51,63313,63262
1658,TEST/DR8/MPAM0/SX289.WAV.wav,TEST/DR8/MPAM0/SX289.PHN,33,63346,63313
1659,TEST/DR8/MPAM0/SX379.WAV.wav,TEST/DR8/MPAM0/SX379.PHN,31,63377,63346
1660,TEST/DR8/MRES0/SA1.WAV.wav,TEST/DR8/MRES0/SA1.PHN,40,63417,63377
1661,TEST/DR8/MRES0/SA2.WAV.wav,TEST/DR8/MRES0/SA2.PHN,32,63449,63417
1662,TEST/DR8/MRES0/SI1217.WAV.wav,TEST/DR8/MRES0/SI1217.PHN,60,63509,63449
1663,TEST/DR8/MRES0/SI1847.WAV.wav,TEST/DR8/MRES0/SI1847.PHN,32,63541,63509
1664,TEST/DR8/MRES0/SI587.WAV.wav,TEST/DR8/MRES0/SI587.PHN,43,63584,63541
1665,TEST/DR8/MRES0/SX137.WAV.wav,TEST/DR8/MRES0/SX137.PHN,50,63634,63584
1666,TEST/DR8/MRES0/SX227.WAV.wav,TEST/DR8/MRES0/SX227.PHN,28,63662,63634
1667,TEST/DR8/MRES0/SX317.WAV.wav,TEST/DR8/MRES0/SX317.PHN,38,63700,63662
1668,TEST/DR8/MRES0/SX407.WAV.wav,TEST/DR8/MRES0/SX407.PHN,36,63736,63700
1669,TEST/DR8/MRES0/SX47.WAV.wav,TEST/DR8/MRES0/SX47.PHN,32,63768,63736
1670,TEST/DR8/MSLB0/SA1.WAV.wav,TEST/DR8/MSLB0/SA1.PHN,38,63806,63768
1671,TEST/DR8/MSLB0/SA2.WAV.wav,TEST/DR8/MSLB0/SA2.PHN,37,63843,63806
1672,TEST/DR8/MSLB0/SI1193.WAV.wav,TEST/DR8/MSLB0/SI1193.PHN,40,63883,63843
1673,TEST/DR8/MSLB0/SI1823.WAV.wav,TEST/DR8/MSLB0/SI1823.PHN,39,63922,63883
1674,TEST/DR8/MSLB0/SI563.WAV.wav,TEST/DR8/MSLB0/SI563.PHN,38,63960,63922
1675,TEST/DR8/MSLB0/SX113.WAV.wav,TEST/DR8/MSLB0/SX113.PHN,34,63994,63960
1676,TEST/DR8/MSLB0/SX203.WAV.wav,TEST/DR8/MSLB0/SX203.PHN,32,64026,63994
1677,TEST/DR8/MSLB0/SX23.WAV.wav,TEST/DR8/MSLB0/SX23.PHN,33,64059,64026
1678,TEST/DR8/MSLB0/SX293.WAV.wav,TEST/DR8/MSLB0/SX293.PHN,46,64105,64059
1679,TEST/DR8/MSLB0/SX383.WAV.wav,TEST/DR8/MSLB0/SX383.PHN,40,64145,64105
