,wav_path,phn_path,length,maxidx,minidx
0,TRAIN/DR1/FCJF0/SA1.WAV.wav,TRAIN/DR1/FCJF0/SA1.PHN,37,37,0
1,TRAIN/DR1/FCJF0/SA2.WAV.wav,TRAIN/DR1/FCJF0/SA2.PHN,31,68,37
2,TRAIN/DR1/FCJF0/SI1027.WAV.wav,TRAIN/DR1/FCJF0/SI1027.PHN,45,113,68
3,TRAIN/DR1/FCJF0/SI1657.WAV.wav,TRAIN/DR1/FCJF0/SI1657.PHN,39,152,113
4,TRAIN/DR1/FCJF0/SI648.WAV.wav,TRAIN/DR1/FCJF0/SI648.PHN,54,206,152
5,TRAIN/DR1/FCJF0/SX127.WAV.wav,TRAIN/DR1/FCJF0/SX127.PHN,25,231,206
6,TRAIN/DR1/FCJF0/SX217.WAV.wav,TRAIN/DR1/FCJF0/SX217.PHN,23,254,231
7,TRAIN/DR1/FCJF0/SX307.WAV.wav,TRAIN/DR1/FCJF0/SX307.PHN,21,275,254
8,TRAIN/DR1/FCJF0/SX37.WAV.wav,TRAIN/DR1/FCJF0/SX37.PHN,42,317,275
9,TRAIN/DR1/FCJF0/SX397.WAV.wav,TRAIN/DR1/FCJF0/SX397.PHN,32,349,317
10,TRAIN/DR1/FDAW0/SA1.WAV.wav,TRAIN/DR1/FDAW0/SA1.PHN,40,389,349
11,TRAIN/DR1/FDAW0/SA2.WAV.wav,TRAIN/DR1/FDAW0/SA2.PHN,33,422,389
12,TRAIN/DR1/FDAW0/SI1271.WAV.wav,TRAIN/DR1/FDAW0/SI1271.PHN,60,482,422
13,TRAIN/DR1/FDAW0/SI1406.WAV.wav,TRAIN/DR1/FDAW0/SI1406.PHN,26,508,482
14,TRAIN/DR1/FDAW0/SI2036.WAV.wav,TRAIN/DR1/FDAW0/SI2036.PHN,58,566,508
15,TRAIN/DR1/FDAW0/SX146.WAV.wav,TRAIN/DR1/FDAW0/SX146.PHN,36,602,566
16,TRAIN/DR1/FDAW0/SX236.WAV.wav,TRAIN/DR1/FDAW0/SX236.PHN,32,634,602
17,TRAIN/DR1/FDAW0/SX326.WAV.wav,TRAIN/DR1/FDAW0/SX326.PHN,28,662,634
18,TRAIN/DR1/FDAW0/SX416.WAV.wav,TRAIN/DR1/FDAW0/SX416.PHN,28,690,662
19,TRAIN/DR1/FDAW0/SX56.WAV.wav,TRAIN/DR1/FDAW0/SX56.PHN,40,730,690
20,TRAIN/DR1/FDML0/SA1.WAV.wav,TRAIN/DR1/FDML0/SA1.PHN,41,771,730
21,TRAIN/DR1/FDML0/SA2.WAV.wav,TRAIN/DR1/FDML0/SA2.PHN,33,804,771
22,TRAIN/DR1/FDML0/SI1149.WAV.wav,TRAIN/DR1/FDML0/SI1149.PHN,56,860,804
23,TRAIN/DR1/FDML0/SI1779.WAV.wav,TRAIN/DR1/FDML0/SI1779.PHN,28,888,860
24,TRAIN/DR1/FDML0/SI2075.WAV.wav,TRAIN/DR1/FDML0/SI2075.PHN,18,906,888
25,TRAIN/DR1/FDML0/SX159.WAV.wav,TRAIN/DR1/FDML0/SX159.PHN,37,943,906
26,TRAIN/DR1/FDML0/SX249.WAV.wav,TRAIN/DR1/FDML0/SX249.PHN,27,970,943
27,TRAIN/DR1/FDML0/SX339.WAV.wav,TRAIN/DR1/FDML0/SX339.PHN,33,1003,970
28,TRAIN/DR1/FDML0/SX429.WAV.wav,TRAIN/DR1/FDML0/SX429.PHN,39,1042,1003
29,TRAIN/DR1/FDML0/SX69.WAV.wav,TRAIN/DR1/FDML0/SX69.PHN,34,1076,1042
30,TRAIN/DR1/FECD0/SA1.WAV.wav,TRAIN/DR1/FECD0/SA1.PHN,43,1119,1076
31,TRAIN/DR1/FECD0/SA2.WAV.wav,TRAIN/DR1/FECD0/SA2.PHN,38,1157,1119
32,TRAIN/DR1/FECD0/SI1418.WAV.wav,TRAIN/DR1/FECD0/SI1418.PHN,63,1220,1157
33,TRAIN/DR1/FECD0/SI2048.WAV.wav,TRAIN/DR1/FECD0/SI2048.PHN,23,1243,1220
34,TRAIN/DR1/FECD0/SI788.WAV.wav,TRAIN/DR1/FECD0/SI788.PHN,59,1302,1243
35,TRAIN/DR1/FECD0/SX158.WAV.wav,TRAIN/DR1/FECD0/SX158.PHN,30,1332,1302
36,TRAIN/DR1/FECD0/SX248.WAV.wav,TRAIN/DR1/FECD0/SX248.PHN,30,1362,1332
37,TRAIN/DR1/FECD0/SX338.WAV.wav,TRAIN/DR1/FECD0/SX338.PHN,37,1399,1362
38,TRAIN/DR1/FECD0/SX428.WAV.wav,TRAIN/DR1/FECD0/SX428.PHN,51,1450,1399
39,TRAIN/DR1/FECD0/SX68.WAV.wav,TRAIN/DR1/FECD0/SX68.PHN,35,1485,1450
40,TRAIN/DR1/FETB0/SA1.WAV.wav,TRAIN/DR1/FETB0/SA1.PHN,39,1524,1485
41,TRAIN/DR1/FETB0/SA2.WAV.wav,TRAIN/DR1/FETB0/SA2.PHN,34,1558,1524
42,TRAIN/DR1/FETB0/SI1148.WAV.wav,TRAIN/DR1/FETB0/SI1148.PHN,33,1591,1558
43,TRAIN/DR1/FETB0/SI1778.WAV.wav,TRAIN/DR1/FETB0/SI1778.PHN,45,1636,1591
44,TRAIN/DR1/FETB0/SI518.WAV.wav,TRAIN/DR1/FETB0/SI518.PHN,41,1677,1636
45,TRAIN/DR1/FETB0/SX158.WAV.wav,TRAIN/DR1/FETB0/SX158.PHN,29,1706,1677
46,TRAIN/DR1/FETB0/SX248.WAV.wav,TRAIN/DR1/FETB0/SX248.PHN,32,1738,1706
47,TRAIN/DR1/FETB0/SX338.WAV.wav,TRAIN/DR1/FETB0/SX338.PHN,38,1776,1738
48,TRAIN/DR1/FETB0/SX428.WAV.wav,TRAIN/DR1/FETB0/SX428.PHN,45,1821,1776
49,TRAIN/DR1/FETB0/SX68.WAV.wav,TRAIN/DR1/FETB0/SX68.PHN,36,1857,1821
50,TRAIN/DR1/FJSP0/SA1.WAV.wav,TRAIN/DR1/FJSP0/SA1.PHN,39,1896,1857
51,TRAIN/DR1/FJSP0/SA2.WAV.wav,TRAIN/DR1/FJSP0/SA2.PHN,33,1929,1896
52,TRAIN/DR1/FJSP0/SI1434.WAV.wav,TRAIN/DR1/FJSP0/SI1434.PHN,64,1993,1929
53,TRAIN/DR1/FJSP0/SI1763.WAV.wav,TRAIN/DR1/FJSP0/SI1763.PHN,15,2008,1993
54,TRAIN/DR1/FJSP0/SI804.WAV.wav,TRAIN/DR1/FJSP0/SI804.PHN,34,2042,2008
55,TRAIN/DR1/FJSP0/SX174.WAV.wav,TRAIN/DR1/FJSP0/SX174.PHN,53,2095,2042
56,TRAIN/DR1/FJSP0/SX264.WAV.wav,TRAIN/DR1/FJSP0/SX264.PHN,32,2127,2095
57,TRAIN/DR1/FJSP0/SX354.WAV.wav,TRAIN/DR1/FJSP0/SX354.PHN,34,2161,2127
58,TRAIN/DR1/FJSP0/SX444.WAV.wav,TRAIN/DR1/FJSP0/SX444.PHN,37,2198,2161
59,TRAIN/DR1/FJSP0/SX84.WAV.wav,TRAIN/DR1/FJSP0/SX84.PHN,48,2246,2198
60,TRAIN/DR1/FKFB0/SA1.WAV.wav,TRAIN/DR1/FKFB0/SA1.PHN,38,2284,2246
61,TRAIN/DR1/FKFB0/SA2.WAV.wav,TRAIN/DR1/FKFB0/SA2.PHN,35,2319,2284
62,TRAIN/DR1/FKFB0/SI1608.WAV.wav,TRAIN/DR1/FKFB0/SI1608.PHN,52,2371,2319
63,TRAIN/DR1/FKFB0/SI2238.WAV.wav,TRAIN/DR1/FKFB0/SI2238.PHN,24,2395,2371
64,TRAIN/DR1/FKFB0/SI978.WAV.wav,TRAIN/DR1/FKFB0/SI978.PHN,43,2438,2395
65,TRAIN/DR1/FKFB0/SX168.WAV.wav,TRAIN/DR1/FKFB0/SX168.PHN,28,2466,2438
66,TRAIN/DR1/FKFB0/SX258.WAV.wav,TRAIN/DR1/FKFB0/SX258.PHN,41,2507,2466
67,TRAIN/DR1/FKFB0/SX348.WAV.wav,TRAIN/DR1/FKFB0/SX348.PHN,51,2558,2507
68,TRAIN/DR1/FKFB0/SX438.WAV.wav,TRAIN/DR1/FKFB0/SX438.PHN,52,2610,2558
69,TRAIN/DR1/FKFB0/SX78.WAV.wav,TRAIN/DR1/FKFB0/SX78.PHN,32,2642,2610
70,TRAIN/DR1/FMEM0/SA1.WAV.wav,TRAIN/DR1/FMEM0/SA1.PHN,44,2686,2642
71,TRAIN/DR1/FMEM0/SA2.WAV.wav,TRAIN/DR1/FMEM0/SA2.PHN,38,2724,2686
72,TRAIN/DR1/FMEM0/SI1377.WAV.wav,TRAIN/DR1/FMEM0/SI1377.PHN,37,2761,2724
73,TRAIN/DR1/FMEM0/SI2007.WAV.wav,TRAIN/DR1/FMEM0/SI2007.PHN,35,2796,2761
74,TRAIN/DR1/FMEM0/SI747.WAV.wav,TRAIN/DR1/FMEM0/SI747.PHN,43,2839,2796
75,TRAIN/DR1/FMEM0/SX117.WAV.wav,TRAIN/DR1/FMEM0/SX117.PHN,36,2875,2839
76,TRAIN/DR1/FMEM0/SX207.WAV.wav,TRAIN/DR1/FMEM0/SX207.PHN,24,2899,2875
77,TRAIN/DR1/FMEM0/SX297.WAV.wav,TRAIN/DR1/FMEM0/SX297.PHN,34,2933,2899
78,TRAIN/DR1/FMEM0/SX333.WAV.wav,TRAIN/DR1/FMEM0/SX333.PHN,55,2988,2933
79,TRAIN/DR1/FMEM0/SX387.WAV.wav,TRAIN/DR1/FMEM0/SX387.PHN,45,3033,2988
80,TRAIN/DR1/FSAH0/SA1.WAV.wav,TRAIN/DR1/FSAH0/SA1.PHN,40,3073,3033
81,TRAIN/DR1/FSAH0/SA2.WAV.wav,TRAIN/DR1/FSAH0/SA2.PHN,34,3107,3073
82,TRAIN/DR1/FSAH0/SI1244.WAV.wav,TRAIN/DR1/FSAH0/SI1244.PHN,47,3154,3107
83,TRAIN/DR1/FSAH0/SI1874.WAV.wav,TRAIN/DR1/FSAH0/SI1874.PHN,25,3179,3154
84,TRAIN/DR1/FSAH0/SI614.WAV.wav,TRAIN/DR1/FSAH0/SI614.PHN,67,3246,3179
85,TRAIN/DR1/FSAH0/SX164.WAV.wav,TRAIN/DR1/FSAH0/SX164.PHN,40,3286,3246
86,TRAIN/DR1/FSAH0/SX327.WAV.wav,TRAIN/DR1/FSAH0/SX327.PHN,68,3354,3286
87,TRAIN/DR1/FSAH0/SX344.WAV.wav,TRAIN/DR1/FSAH0/SX344.PHN,25,3379,3354
88,TRAIN/DR1/FSAH0/SX434.WAV.wav,TRAIN/DR1/FSAH0/SX434.PHN,30,3409,3379
89,TRAIN/DR1/FSAH0/SX74.WAV.wav,TRAIN/DR1/FSAH0/SX74.PHN,35,3444,3409
90,TRAIN/DR1/FSJK1/SA1.WAV.wav,TRAIN/DR1/FSJK1/SA1.PHN,39,3483,3444
91,TRAIN/DR1/FSJK1/SA2.WAV.wav,TRAIN/DR1/FSJK1/SA2.PHN,33,3516,3483
92,TRAIN/DR1/FSJK1/SI1025.WAV.wav,TRAIN/DR1/FSJK1/SI1025.PHN,35,3551,3516
93,TRAIN/DR1/FSJK1/SI2285.WAV.wav,TRAIN/DR1/FSJK1/SI2285.PHN,32,3583,3551
94,TRAIN/DR1/FSJK1/SI696.WAV.wav,TRAIN/DR1/FSJK1/SI696.PHN,51,3634,3583
95,TRAIN/DR1/FSJK1/SX125.WAV.wav,TRAIN/DR1/FSJK1/SX125.PHN,29,3663,3634
96,TRAIN/DR1/FSJK1/SX215.WAV.wav,TRAIN/DR1/FSJK1/SX215.PHN,40,3703,3663
97,TRAIN/DR1/FSJK1/SX305.WAV.wav,TRAIN/DR1/FSJK1/SX305.PHN,32,3735,3703
98,TRAIN/DR1/FSJK1/SX35.WAV.wav,TRAIN/DR1/FSJK1/SX35.PHN,31,3766,3735
99,TRAIN/DR1/FSJK1/SX395.WAV.wav,TRAIN/DR1/FSJK1/SX395.PHN,39,3805,3766
100,TRAIN/DR1/FSMA0/SA1.WAV.wav,TRAIN/DR1/FSMA0/SA1.PHN,38,3843,3805
101,TRAIN/DR1/FSMA0/SA2.WAV.wav,TRAIN/DR1/FSMA0/SA2.PHN,34,3877,3843
102,TRAIN/DR1/FSMA0/SI1621.WAV.wav,TRAIN/DR1/FSMA0/SI1621.PHN,16,3893,3877
103,TRAIN/DR1/FSMA0/SI2251.WAV.wav,TRAIN/DR1/FSMA0/SI2251.PHN,39,3932,3893
104,TRAIN/DR1/FSMA0/SI991.WAV.wav,TRAIN/DR1/FSMA0/SI991.PHN,59,3991,3932
105,TRAIN/DR1/FSMA0/SX181.WAV.wav,TRAIN/DR1/FSMA0/SX181.PHN,48,4039,3991
106,TRAIN/DR1/FSMA0/SX271.WAV.wav,TRAIN/DR1/FSMA0/SX271.PHN,34,4073,4039
107,TRAIN/DR1/FSMA0/SX361.WAV.wav,TRAIN/DR1/FSMA0/SX361.PHN,35,4108,4073
108,TRAIN/DR1/FSMA0/SX451.WAV.wav,TRAIN/DR1/FSMA0/SX451.PHN,53,4161,4108
109,TRAIN/DR1/FSMA0/SX91.WAV.wav,TRAIN/DR1/FSMA0/SX91.PHN,37,4198,4161
110,TRAIN/DR1/FTBR0/SA1.WAV.wav,TRAIN/DR1/FTBR0/SA1.PHN,41,4239,4198
111,TRAIN/DR1/FTBR0/SA2.WAV.wav,TRAIN/DR1/FTBR0/SA2.PHN,34,4273,4239
112,TRAIN/DR1/FTBR0/SI1402.WAV.wav,TRAIN/DR1/FTBR0/SI1402.PHN,60,4333,4273
113,TRAIN/DR1/FTBR0/SI2181.WAV.wav,TRAIN/DR1/FTBR0/SI2181.PHN,27,4360,4333
114,TRAIN/DR1/FTBR0/SI921.WAV.wav,TRAIN/DR1/FTBR0/SI921.PHN,62,4422,4360
115,TRAIN/DR1/FTBR0/SX111.WAV.wav,TRAIN/DR1/FTBR0/SX111.PHN,29,4451,4422
116,TRAIN/DR1/FTBR0/SX201.WAV.wav,TRAIN/DR1/FTBR0/SX201.PHN,38,4489,4451
117,TRAIN/DR1/FTBR0/SX21.WAV.wav,TRAIN/DR1/FTBR0/SX21.PHN,23,4512,4489
118,TRAIN/DR1/FTBR0/SX291.WAV.wav,TRAIN/DR1/FTBR0/SX291.PHN,32,4544,4512
119,TRAIN/DR1/FTBR0/SX381.WAV.wav,TRAIN/DR1/FTBR0/SX381.PHN,32,4576,4544
120,TRAIN/DR1/FVFB0/SA1.WAV.wav,TRAIN/DR1/FVFB0/SA1.PHN,38,4614,4576
121,TRAIN/DR1/FVFB0/SA2.WAV.wav,TRAIN/DR1/FVFB0/SA2.PHN,32,4646,4614
122,TRAIN/DR1/FVFB0/SI1032.WAV.wav,TRAIN/DR1/FVFB0/SI1032.PHN,37,4683,4646
123,TRAIN/DR1/FVFB0/SI1510.WAV.wav,TRAIN/DR1/FVFB0/SI1510.PHN,57,4740,4683
124,TRAIN/DR1/FVFB0/SI2292.WAV.wav,TRAIN/DR1/FVFB0/SI2292.PHN,26,4766,4740
125,TRAIN/DR1/FVFB0/SX132.WAV.wav,TRAIN/DR1/FVFB0/SX132.PHN,37,4803,4766
126,TRAIN/DR1/FVFB0/SX222.WAV.wav,TRAIN/DR1/FVFB0/SX222.PHN,40,4843,4803
127,TRAIN/DR1/FVFB0/SX312.WAV.wav,TRAIN/DR1/FVFB0/SX312.PHN,57,4900,4843
128,TRAIN/DR1/FVFB0/SX402.WAV.wav,TRAIN/DR1/FVFB0/SX402.PHN,32,4932,4900
129,TRAIN/DR1/FVFB0/SX42.WAV.wav,TRAIN/DR1/FVFB0/SX42.PHN,27,4959,4932
130,TRAIN/DR1/FVMH0/SA1.WAV.wav,TRAIN/DR1/FVMH0/SA1.PHN,37,4996,4959
131,TRAIN/DR1/FVMH0/SA2.WAV.wav,TRAIN/DR1/FVMH0/SA2.PHN,31,5027,4996
132,TRAIN/DR1/FVMH0/SI1466.WAV.wav,TRAIN/DR1/FVMH0/SI1466.PHN,64,5091,5027
133,TRAIN/DR1/FVMH0/SI2096.WAV.wav,TRAIN/DR1/FVMH0/SI2096.PHN,35,5126,5091
134,TRAIN/DR1/FVMH0/SI836.WAV.wav,TRAIN/DR1/FVMH0/SI836.PHN,60,5186,5126
135,TRAIN/DR1/FVMH0/SX116.WAV.wav,TRAIN/DR1/FVMH0/SX116.PHN,29,5215,5186
136,TRAIN/DR1/FVMH0/SX206.WAV.wav,TRAIN/DR1/FVMH0/SX206.PHN,39,5254,5215
137,TRAIN/DR1/FVMH0/SX26.WAV.wav,TRAIN/DR1/FVMH0/SX26.PHN,21,5275,5254
138,TRAIN/DR1/FVMH0/SX296.WAV.wav,TRAIN/DR1/FVMH0/SX296.PHN,27,5302,5275
139,TRAIN/DR1/FVMH0/SX386.WAV.wav,TRAIN/DR1/FVMH0/SX386.PHN,27,5329,5302
140,TRAIN/DR1/MCPM0/SA1.WAV.wav,TRAIN/DR1/MCPM0/SA1.PHN,38,5367,5329
141,TRAIN/DR1/MCPM0/SA2.WAV.wav,TRAIN/DR1/MCPM0/SA2.PHN,36,5403,5367
142,TRAIN/DR1/MCPM0/SI1194.WAV.wav,TRAIN/DR1/MCPM0/SI1194.PHN,40,5443,5403
143,TRAIN/DR1/MCPM0/SI1824.WAV.wav,TRAIN/DR1/MCPM0/SI1824.PHN,57,5500,5443
144,TRAIN/DR1/MCPM0/SI564.WAV.wav,TRAIN/DR1/MCPM0/SI564.PHN,44,5544,5500
145,TRAIN/DR1/MCPM0/SX114.WAV.wav,TRAIN/DR1/MCPM0/SX114.PHN,38,5582,5544
146,TRAIN/DR1/MCPM0/SX204.WAV.wav,TRAIN/DR1/MCPM0/SX204.PHN,31,5613,5582
147,TRAIN/DR1/MCPM0/SX24.WAV.wav,TRAIN/DR1/MCPM0/SX24.PHN,23,5636,5613
148,TRAIN/DR1/MCPM0/SX294.WAV.wav,TRAIN/DR1/MCPM0/SX294.PHN,26,5662,5636
149,TRAIN/DR1/MCPM0/SX384.WAV.wav,TRAIN/DR1/MCPM0/SX384.PHN,22,5684,5662
150,TRAIN/DR1/MDAC0/SA1.WAV.wav,TRAIN/DR1/MDAC0/SA1.PHN,37,5721,5684
151,TRAIN/DR1/MDAC0/SA2.WAV.wav,TRAIN/DR1/MDAC0/SA2.PHN,33,5754,5721
152,TRAIN/DR1/MDAC0/SI1261.WAV.wav,TRAIN/DR1/MDAC0/SI1261.PHN,42,5796,5754
153,TRAIN/DR1/MDAC0/SI1837.WAV.wav,TRAIN/DR1/MDAC0/SI1837.PHN,29,5825,5796
154,TRAIN/DR1/MDAC0/SI631.WAV.wav,TRAIN/DR1/MDAC0/SI631.PHN,60,5885,5825
155,TRAIN/DR1/MDAC0/SX181.WAV.wav,TRAIN/DR1/MDAC0/SX181.PHN,47,5932,5885
156,TRAIN/DR1/MDAC0/SX271.WAV.wav,TRAIN/DR1/MDAC0/SX271.PHN,33,5965,5932
157,TRAIN/DR1/MDAC0/SX361.WAV.wav,TRAIN/DR1/MDAC0/SX361.PHN,35,6000,5965
158,TRAIN/DR1/MDAC0/SX451.WAV.wav,TRAIN/DR1/MDAC0/SX451.PHN,50,6050,6000
159,TRAIN/DR1/MDAC0/SX91.WAV.wav,TRAIN/DR1/MDAC0/SX91.PHN,37,6087,6050
160,TRAIN/DR1/MDPK0/SA1.WAV.wav,TRAIN/DR1/MDPK0/SA1.PHN,38,6125,6087
161,TRAIN/DR1/MDPK0/SA2.WAV.wav,TRAIN/DR1/MDPK0/SA2.PHN,32,6157,6125
162,TRAIN/DR1/MDPK0/SI1053.WAV.wav,TRAIN/DR1/MDPK0/SI1053.PHN,35,6192,6157
163,TRAIN/DR1/MDPK0/SI1683.WAV.wav,TRAIN/DR1/MDPK0/SI1683.PHN,30,6222,6192
164,TRAIN/DR1/MDPK0/SI552.WAV.wav,TRAIN/DR1/MDPK0/SI552.PHN,16,6238,6222
165,TRAIN/DR1/MDPK0/SX153.WAV.wav,TRAIN/DR1/MDPK0/SX153.PHN,47,6285,6238
166,TRAIN/DR1/MDPK0/SX243.WAV.wav,TRAIN/DR1/MDPK0/SX243.PHN,40,6325,6285
167,TRAIN/DR1/MDPK0/SX333.WAV.wav,TRAIN/DR1/MDPK0/SX333.PHN,49,6374,6325
168,TRAIN/DR1/MDPK0/SX423.WAV.wav,TRAIN/DR1/MDPK0/SX423.PHN,46,6420,6374
169,TRAIN/DR1/MDPK0/SX63.WAV.wav,TRAIN/DR1/MDPK0/SX63.PHN,38,6458,6420
170,TRAIN/DR1/MEDR0/SA1.WAV.wav,TRAIN/DR1/MEDR0/SA1.PHN,42,6500,6458
171,TRAIN/DR1/MEDR0/SA2.WAV.wav,TRAIN/DR1/MEDR0/SA2.PHN,35,6535,6500
172,TRAIN/DR1/MEDR0/SI1374.WAV.wav,TRAIN/DR1/MEDR0/SI1374.PHN,36,6571,6535
173,TRAIN/DR1/MEDR0/SI2004.WAV.wav,TRAIN/DR1/MEDR0/SI2004.PHN,60,6631,6571
174,TRAIN/DR1/MEDR0/SI744.WAV.wav,TRAIN/DR1/MEDR0/SI744.PHN,51,6682,6631
175,TRAIN/DR1/MEDR0/SX114.WAV.wav,TRAIN/DR1/MEDR0/SX114.PHN,37,6719,6682
176,TRAIN/DR1/MEDR0/SX204.WAV.wav,TRAIN/DR1/MEDR0/SX204.PHN,34,6753,6719
177,TRAIN/DR1/MEDR0/SX24.WAV.wav,TRAIN/DR1/MEDR0/SX24.PHN,24,6777,6753
178,TRAIN/DR1/MEDR0/SX294.WAV.wav,TRAIN/DR1/MEDR0/SX294.PHN,30,6807,6777
179,TRAIN/DR1/MEDR0/SX384.WAV.wav,TRAIN/DR1/MEDR0/SX384.PHN,24,6831,6807
180,TRAIN/DR1/MGRL0/SA1.WAV.wav,TRAIN/DR1/MGRL0/SA1.PHN,38,6869,6831
181,TRAIN/DR1/MGRL0/SA2.WAV.wav,TRAIN/DR1/MGRL0/SA2.PHN,31,6900,6869
182,TRAIN/DR1/MGRL0/SI1497.WAV.wav,TRAIN/DR1/MGRL0/SI1497.PHN,32,6932,6900
183,TRAIN/DR1/MGRL0/SI2127.WAV.wav,TRAIN/DR1/MGRL0/SI2127.PHN,34,6966,6932
184,TRAIN/DR1/MGRL0/SI867.WAV.wav,TRAIN/DR1/MGRL0/SI867.PHN,62,7028,6966
185,TRAIN/DR1/MGRL0/SX147.WAV.wav,TRAIN/DR1/MGRL0/SX147.PHN,43,7071,7028
186,TRAIN/DR1/MGRL0/SX237.WAV.wav,TRAIN/DR1/MGRL0/SX237.PHN,17,7088,7071
187,TRAIN/DR1/MGRL0/SX327.WAV.wav,TRAIN/DR1/MGRL0/SX327.PHN,68,7156,7088
188,TRAIN/DR1/MGRL0/SX417.WAV.wav,TRAIN/DR1/MGRL0/SX417.PHN,38,7194,7156
189,TRAIN/DR1/MGRL0/SX57.WAV.wav,TRAIN/DR1/MGRL0/SX57.PHN,30,7224,7194
190,TRAIN/DR1/MJEB1/SA1.WAV.wav,TRAIN/DR1/MJEB1/SA1.PHN,38,7262,7224
191,TRAIN/DR1/MJEB1/SA2.WAV.wav,TRAIN/DR1/MJEB1/SA2.PHN,31,7293,7262
192,TRAIN/DR1/MJEB1/SI1467.WAV.wav,TRAIN/DR1/MJEB1/SI1467.PHN,58,7351,7293
193,TRAIN/DR1/MJEB1/SI2097.WAV.wav,TRAIN/DR1/MJEB1/SI2097.PHN,34,7385,7351
194,TRAIN/DR1/MJEB1/SI837.WAV.wav,TRAIN/DR1/MJEB1/SI837.PHN,60,7445,7385
195,TRAIN/DR1/MJEB1/SX117.WAV.wav,TRAIN/DR1/MJEB1/SX117.PHN,31,7476,7445
196,TRAIN/DR1/MJEB1/SX207.WAV.wav,TRAIN/DR1/MJEB1/SX207.PHN,24,7500,7476
197,TRAIN/DR1/MJEB1/SX27.WAV.wav,TRAIN/DR1/MJEB1/SX27.PHN,25,7525,7500
198,TRAIN/DR1/MJEB1/SX297.WAV.wav,TRAIN/DR1/MJEB1/SX297.PHN,32,7557,7525
199,TRAIN/DR1/MJEB1/SX387.WAV.wav,TRAIN/DR1/MJEB1/SX387.PHN,38,7595,7557
200,TRAIN/DR1/MJWT0/SA1.WAV.wav,TRAIN/DR1/MJWT0/SA1.PHN,41,7636,7595
201,TRAIN/DR1/MJWT0/SA2.WAV.wav,TRAIN/DR1/MJWT0/SA2.PHN,36,7672,7636
202,TRAIN/DR1/MJWT0/SI1291.WAV.wav,TRAIN/DR1/MJWT0/SI1291.PHN,64,7736,7672
203,TRAIN/DR1/MJWT0/SI1381.WAV.wav,TRAIN/DR1/MJWT0/SI1381.PHN,63,7799,7736
204,TRAIN/DR1/MJWT0/SI751.WAV.wav,TRAIN/DR1/MJWT0/SI751.PHN,34,7833,7799
205,TRAIN/DR1/MJWT0/SX121.WAV.wav,TRAIN/DR1/MJWT0/SX121.PHN,40,7873,7833
206,TRAIN/DR1/MJWT0/SX211.WAV.wav,TRAIN/DR1/MJWT0/SX211.PHN,34,7907,7873
207,TRAIN/DR1/MJWT0/SX301.WAV.wav,TRAIN/DR1/MJWT0/SX301.PHN,38,7945,7907
208,TRAIN/DR1/MJWT0/SX31.WAV.wav,TRAIN/DR1/MJWT0/SX31.PHN,30,7975,7945
209,TRAIN/DR1/MJWT0/SX391.WAV.wav,TRAIN/DR1/MJWT0/SX391.PHN,19,7994,7975
210,TRAIN/DR1/MKLS0/SA1.WAV.wav,TRAIN/DR1/MKLS0/SA1.PHN,42,8036,7994
211,TRAIN/DR1/MKLS0/SA2.WAV.wav,TRAIN/DR1/MKLS0/SA2.PHN,33,8069,8036
212,TRAIN/DR1/MKLS0/SI1437.WAV.wav,TRAIN/DR1/MKLS0/SI1437.PHN,64,8133,8069
213,TRAIN/DR1/MKLS0/SI1533.WAV.wav,TRAIN/DR1/MKLS0/SI1533.PHN,20,8153,8133
214,TRAIN/DR1/MKLS0/SI2067.WAV.wav,TRAIN/DR1/MKLS0/SI2067.PHN,40,8193,8153
215,TRAIN/DR1/MKLS0/SX177.WAV.wav,TRAIN/DR1/MKLS0/SX177.PHN,25,8218,8193
216,TRAIN/DR1/MKLS0/SX267.WAV.wav,TRAIN/DR1/MKLS0/SX267.PHN,41,8259,8218
217,TRAIN/DR1/MKLS0/SX357.WAV.wav,TRAIN/DR1/MKLS0/SX357.PHN,41,8300,8259
218,TRAIN/DR1/MKLS0/SX447.WAV.wav,TRAIN/DR1/MKLS0/SX447.PHN,27,8327,8300
219,TRAIN/DR1/MKLS0/SX87.WAV.wav,TRAIN/DR1/MKLS0/SX87.PHN,36,8363,8327
220,TRAIN/DR1/MKLW0/SA1.WAV.wav,TRAIN/DR1/MKLW0/SA1.PHN,39,8402,8363
221,TRAIN/DR1/MKLW0/SA2.WAV.wav,TRAIN/DR1/MKLW0/SA2.PHN,33,8435,8402
222,TRAIN/DR1/MKLW0/SI1571.WAV.wav,TRAIN/DR1/MKLW0/SI1571.PHN,56,8491,8435
223,TRAIN/DR1/MKLW0/SI1844.WAV.wav,TRAIN/DR1/MKLW0/SI1844.PHN,17,8508,8491
224,TRAIN/DR1/MKLW0/SI2201.WAV.wav,TRAIN/DR1/MKLW0/SI2201.PHN,20,8528,8508
225,TRAIN/DR1/MKLW0/SX131.WAV.wav,TRAIN/DR1/MKLW0/SX131.PHN,33,8561,8528
226,TRAIN/DR1/MKLW0/SX221.WAV.wav,TRAIN/DR1/MKLW0/SX221.PHN,44,8605,8561
227,TRAIN/DR1/MKLW0/SX311.WAV.wav,TRAIN/DR1/MKLW0/SX311.PHN,59,8664,8605
228,TRAIN/DR1/MKLW0/SX401.WAV.wav,TRAIN/DR1/MKLW0/SX401.PHN,42,8706,8664
229,TRAIN/DR1/MKLW0/SX41.WAV.wav,TRAIN/DR1/MKLW0/SX41.PHN,54,8760,8706
230,TRAIN/DR1/MMGG0/SA1.WAV.wav,TRAIN/DR1/MMGG0/SA1.PHN,40,8800,8760
231,TRAIN/DR1/MMGG0/SA2.WAV.wav,TRAIN/DR1/MMGG0/SA2.PHN,32,8832,8800
232,TRAIN/DR1/MMGG0/SI1079.WAV.wav,TRAIN/DR1/MMGG0/SI1079.PHN,63,8895,8832
233,TRAIN/DR1/MMGG0/SI1709.WAV.wav,TRAIN/DR1/MMGG0/SI1709.PHN,26,8921,8895
234,TRAIN/DR1/MMGG0/SI2339.WAV.wav,TRAIN/DR1/MMGG0/SI2339.PHN,33,8954,8921
235,TRAIN/DR1/MMGG0/SX179.WAV.wav,TRAIN/DR1/MMGG0/SX179.PHN,38,8992,8954
236,TRAIN/DR1/MMGG0/SX269.WAV.wav,TRAIN/DR1/MMGG0/SX269.PHN,29,9021,8992
237,TRAIN/DR1/MMGG0/SX359.WAV.wav,TRAIN/DR1/MMGG0/SX359.PHN,45,9066,9021
238,TRAIN/DR1/MMGG0/SX449.WAV.wav,TRAIN/DR1/MMGG0/SX449.PHN,49,9115,9066
239,TRAIN/DR1/MMGG0/SX89.WAV.wav,TRAIN/DR1/MMGG0/SX89.PHN,39,9154,9115
240,TRAIN/DR1/MMRP0/SA1.WAV.wav,TRAIN/DR1/MMRP0/SA1.PHN,41,9195,9154
241,TRAIN/DR1/MMRP0/SA2.WAV.wav,TRAIN/DR1/MMRP0/SA2.PHN,35,9230,9195
242,TRAIN/DR1/MMRP0/SI2034.WAV.wav,TRAIN/DR1/MMRP0/SI2034.PHN,20,9250,9230
243,TRAIN/DR1/MMRP0/SI717.WAV.wav,TRAIN/DR1/MMRP0/SI717.PHN,21,9271,9250
244,TRAIN/DR1/MMRP0/SI774.WAV.wav,TRAIN/DR1/MMRP0/SI774.PHN,37,9308,9271
245,TRAIN/DR1/MMRP0/SX144.WAV.wav,TRAIN/DR1/MMRP0/SX144.PHN,29,9337,9308
246,TRAIN/DR1/MMRP0/SX234.WAV.wav,TRAIN/DR1/MMRP0/SX234.PHN,36,9373,9337
247,TRAIN/DR1/MMRP0/SX324.WAV.wav,TRAIN/DR1/MMRP0/SX324.PHN,64,9437,9373
248,TRAIN/DR1/MMRP0/SX414.WAV.wav,TRAIN/DR1/MMRP0/SX414.PHN,43,9480,9437
249,TRAIN/DR1/MMRP0/SX54.WAV.wav,TRAIN/DR1/MMRP0/SX54.PHN,49,9529,9480
250,TRAIN/DR1/MPGH0/SA1.WAV.wav,TRAIN/DR1/MPGH0/SA1.PHN,37,9566,9529
251,TRAIN/DR1/MPGH0/SA2.WAV.wav,TRAIN/DR1/MPGH0/SA2.PHN,32,9598,9566
252,TRAIN/DR1/MPGH0/SI1554.WAV.wav,TRAIN/DR1/MPGH0/SI1554.PHN,52,9650,9598
253,TRAIN/DR1/MPGH0/SI675.WAV.wav,TRAIN/DR1/MPGH0/SI675.PHN,60,9710,9650
254,TRAIN/DR1/MPGH0/SI924.WAV.wav,TRAIN/DR1/MPGH0/SI924.PHN,33,9743,9710
255,TRAIN/DR1/MPGH0/SX114.WAV.wav,TRAIN/DR1/MPGH0/SX114.PHN,34,9777,9743
256,TRAIN/DR1/MPGH0/SX204.WAV.wav,TRAIN/DR1/MPGH0/SX204.PHN,31,9808,9777
257,TRAIN/DR1/MPGH0/SX24.WAV.wav,TRAIN/DR1/MPGH0/SX24.PHN,21,9829,9808
258,TRAIN/DR1/MPGH0/SX294.WAV.wav,TRAIN/DR1/MPGH0/SX294.PHN,28,9857,9829
259,TRAIN/DR1/MPGH0/SX384.WAV.wav,TRAIN/DR1/MPGH0/SX384.PHN,22,9879,9857
260,TRAIN/DR1/MPGR0/SA1.WAV.wav,TRAIN/DR1/MPGR0/SA1.PHN,38,9917,9879
261,TRAIN/DR1/MPGR0/SA2.WAV.wav,TRAIN/DR1/MPGR0/SA2.PHN,31,9948,9917
262,TRAIN/DR1/MPGR0/SI1410.WAV.wav,TRAIN/DR1/MPGR0/SI1410.PHN,55,10003,9948
263,TRAIN/DR1/MPGR0/SI2040.WAV.wav,TRAIN/DR1/MPGR0/SI2040.PHN,21,10024,10003
264,TRAIN/DR1/MPGR0/SI780.WAV.wav,TRAIN/DR1/MPGR0/SI780.PHN,25,10049,10024
265,TRAIN/DR1/MPGR0/SX150.WAV.wav,TRAIN/DR1/MPGR0/SX150.PHN,30,10079,10049
266,TRAIN/DR1/MPGR0/SX240.WAV.wav,TRAIN/DR1/MPGR0/SX240.PHN,43,10122,10079
267,TRAIN/DR1/MPGR0/SX330.WAV.wav,TRAIN/DR1/MPGR0/SX330.PHN,38,10160,10122
268,TRAIN/DR1/MPGR0/SX420.WAV.wav,TRAIN/DR1/MPGR0/SX420.PHN,46,10206,10160
269,TRAIN/DR1/MPGR0/SX60.WAV.wav,TRAIN/DR1/MPGR0/SX60.PHN,50,10256,10206
270,TRAIN/DR1/MPSW0/SA1.WAV.wav,TRAIN/DR1/MPSW0/SA1.PHN,38,10294,10256
271,TRAIN/DR1/MPSW0/SA2.WAV.wav,TRAIN/DR1/MPSW0/SA2.PHN,31,10325,10294
272,TRAIN/DR1/MPSW0/SI1067.WAV.wav,TRAIN/DR1/MPSW0/SI1067.PHN,34,10359,10325
273,TRAIN/DR1/MPSW0/SI1697.WAV.wav,TRAIN/DR1/MPSW0/SI1697.PHN,42,10401,10359
274,TRAIN/DR1/MPSW0/SI2327.WAV.wav,TRAIN/DR1/MPSW0/SI2327.PHN,29,10430,10401
275,TRAIN/DR1/MPSW0/SX167.WAV.wav,TRAIN/DR1/MPSW0/SX167.PHN,46,10476,10430
276,TRAIN/DR1/MPSW0/SX24.WAV.wav,TRAIN/DR1/MPSW0/SX24.PHN,21,10497,10476
277,TRAIN/DR1/MPSW0/SX257.WAV.wav,TRAIN/DR1/MPSW0/SX257.PHN,22,10519,10497
278,TRAIN/DR1/MPSW0/SX437.WAV.wav,TRAIN/DR1/MPSW0/SX437.PHN,50,10569,10519
279,TRAIN/DR1/MPSW0/SX77.WAV.wav,TRAIN/DR1/MPSW0/SX77.PHN,36,10605,10569
280,TRAIN/DR1/MRAI0/SA1.WAV.wav,TRAIN/DR1/MRAI0/SA1.PHN,39,10644,10605
281,TRAIN/DR1/MRAI0/SA2.WAV.wav,TRAIN/DR1/MRAI0/SA2.PHN,37,10681,10644
282,TRAIN/DR1/MRAI0/SI1954.WAV.wav,TRAIN/DR1/MRAI0/SI1954.PHN,17,10698,10681
283,TRAIN/DR1/MRAI0/SI2052.WAV.wav,TRAIN/DR1/MRAI0/SI2052.PHN,58,10756,10698
284,TRAIN/DR1/MRAI0/SI792.WAV.wav,TRAIN/DR1/MRAI0/SI792.PHN,55,10811,10756
285,TRAIN/DR1/MRAI0/SX162.WAV.wav,TRAIN/DR1/MRAI0/SX162.PHN,34,10845,10811
286,TRAIN/DR1/MRAI0/SX252.WAV.wav,TRAIN/DR1/MRAI0/SX252.PHN,34,10879,10845
287,TRAIN/DR1/MRAI0/SX342.WAV.wav,TRAIN/DR1/MRAI0/SX342.PHN,38,10917,10879
288,TRAIN/DR1/MRAI0/SX432.WAV.wav,TRAIN/DR1/MRAI0/SX432.PHN,50,10967,10917
289,TRAIN/DR1/MRAI0/SX72.WAV.wav,TRAIN/DR1/MRAI0/SX72.PHN,27,10994,10967
290,TRAIN/DR1/MRCG0/SA1.WAV.wav,TRAIN/DR1/MRCG0/SA1.PHN,40,11034,10994
291,TRAIN/DR1/MRCG0/SA2.WAV.wav,TRAIN/DR1/MRCG0/SA2.PHN,32,11066,11034
292,TRAIN/DR1/MRCG0/SI1428.WAV.wav,TRAIN/DR1/MRCG0/SI1428.PHN,64,11130,11066
293,TRAIN/DR1/MRCG0/SI2058.WAV.wav,TRAIN/DR1/MRCG0/SI2058.PHN,19,11149,11130
294,TRAIN/DR1/MRCG0/SI798.WAV.wav,TRAIN/DR1/MRCG0/SI798.PHN,39,11188,11149
295,TRAIN/DR1/MRCG0/SX168.WAV.wav,TRAIN/DR1/MRCG0/SX168.PHN,27,11215,11188
296,TRAIN/DR1/MRCG0/SX258.WAV.wav,TRAIN/DR1/MRCG0/SX258.PHN,38,11253,11215
297,TRAIN/DR1/MRCG0/SX348.WAV.wav,TRAIN/DR1/MRCG0/SX348.PHN,45,11298,11253
298,TRAIN/DR1/MRCG0/SX438.WAV.wav,TRAIN/DR1/MRCG0/SX438.PHN,49,11347,11298
299,TRAIN/DR1/MRCG0/SX78.WAV.wav,TRAIN/DR1/MRCG0/SX78.PHN,31,11378,11347
300,TRAIN/DR1/MRDD0/SA1.WAV.wav,TRAIN/DR1/MRDD0/SA1.PHN,42,11420,11378
301,TRAIN/DR1/MRDD0/SA2.WAV.wav,TRAIN/DR1/MRDD0/SA2.PHN,32,11452,11420
302,TRAIN/DR1/MRDD0/SI1050.WAV.wav,TRAIN/DR1/MRDD0/SI1050.PHN,67,11519,11452
303,TRAIN/DR1/MRDD0/SI1680.WAV.wav,TRAIN/DR1/MRDD0/SI1680.PHN,36,11555,11519
304,TRAIN/DR1/MRDD0/SI2310.WAV.wav,TRAIN/DR1/MRDD0/SI2310.PHN,28,11583,11555
305,TRAIN/DR1/MRDD0/SX150.WAV.wav,TRAIN/DR1/MRDD0/SX150.PHN,31,11614,11583
306,TRAIN/DR1/MRDD0/SX240.WAV.wav,TRAIN/DR1/MRDD0/SX240.PHN,41,11655,11614
307,TRAIN/DR1/MRDD0/SX277.WAV.wav,TRAIN/DR1/MRDD0/SX277.PHN,28,11683,11655
308,TRAIN/DR1/MRDD0/SX330.WAV.wav,TRAIN/DR1/MRDD0/SX330.PHN,40,11723,11683
309,TRAIN/DR1/MRDD0/SX60.WAV.wav,TRAIN/DR1/MRDD0/SX60.PHN,53,11776,11723
310,TRAIN/DR1/MRSO0/SA1.WAV.wav,TRAIN/DR1/MRSO0/SA1.PHN,42,11818,11776
311,TRAIN/DR1/MRSO0/SA2.WAV.wav,TRAIN/DR1/MRSO0/SA2.PHN,35,11853,11818
312,TRAIN/DR1/MRSO0/SI1206.WAV.wav,TRAIN/DR1/MRSO0/SI1206.PHN,62,11915,11853
313,TRAIN/DR1/MRSO0/SI1659.WAV.wav,TRAIN/DR1/MRSO0/SI1659.PHN,38,11953,11915
314,TRAIN/DR1/MRSO0/SI2289.WAV.wav,TRAIN/DR1/MRSO0/SI2289.PHN,31,11984,11953
315,TRAIN/DR1/MRSO0/SX129.WAV.wav,TRAIN/DR1/MRSO0/SX129.PHN,31,12015,11984
316,TRAIN/DR1/MRSO0/SX219.WAV.wav,TRAIN/DR1/MRSO0/SX219.PHN,45,12060,12015
317,TRAIN/DR1/MRSO0/SX309.WAV.wav,TRAIN/DR1/MRSO0/SX309.PHN,45,12105,12060
318,TRAIN/DR1/MRSO0/SX39.WAV.wav,TRAIN/DR1/MRSO0/SX39.PHN,42,12147,12105
319,TRAIN/DR1/MRSO0/SX399.WAV.wav,TRAIN/DR1/MRSO0/SX399.PHN,33,12180,12147
320,TRAIN/DR1/MRWS0/SA1.WAV.wav,TRAIN/DR1/MRWS0/SA1.PHN,41,12221,12180
321,TRAIN/DR1/MRWS0/SA2.WAV.wav,TRAIN/DR1/MRWS0/SA2.PHN,32,12253,12221
322,TRAIN/DR1/MRWS0/SI1102.WAV.wav,TRAIN/DR1/MRWS0/SI1102.PHN,64,12317,12253
323,TRAIN/DR1/MRWS0/SI1732.WAV.wav,TRAIN/DR1/MRWS0/SI1732.PHN,23,12340,12317
324,TRAIN/DR1/MRWS0/SI472.WAV.wav,TRAIN/DR1/MRWS0/SI472.PHN,44,12384,12340
325,TRAIN/DR1/MRWS0/SX112.WAV.wav,TRAIN/DR1/MRWS0/SX112.PHN,34,12418,12384
326,TRAIN/DR1/MRWS0/SX202.WAV.wav,TRAIN/DR1/MRWS0/SX202.PHN,23,12441,12418
327,TRAIN/DR1/MRWS0/SX22.WAV.wav,TRAIN/DR1/MRWS0/SX22.PHN,21,12462,12441
328,TRAIN/DR1/MRWS0/SX292.WAV.wav,TRAIN/DR1/MRWS0/SX292.PHN,48,12510,12462
329,TRAIN/DR1/MRWS0/SX382.WAV.wav,TRAIN/DR1/MRWS0/SX382.PHN,40,12550,12510
330,TRAIN/DR1/MTJS0/SA1.WAV.wav,TRAIN/DR1/MTJS0/SA1.PHN,41,12591,12550
331,TRAIN/DR1/MTJS0/SA2.WAV.wav,TRAIN/DR1/MTJS0/SA2.PHN,32,12623,12591
332,TRAIN/DR1/MTJS0/SI1192.WAV.wav,TRAIN/DR1/MTJS0/SI1192.PHN,20,12643,12623
333,TRAIN/DR1/MTJS0/SI1822.WAV.wav,TRAIN/DR1/MTJS0/SI1822.PHN,58,12701,12643
334,TRAIN/DR1/MTJS0/SI562.WAV.wav,TRAIN/DR1/MTJS0/SI562.PHN,61,12762,12701
335,TRAIN/DR1/MTJS0/SX112.WAV.wav,TRAIN/DR1/MTJS0/SX112.PHN,35,12797,12762
336,TRAIN/DR1/MTJS0/SX202.WAV.wav,TRAIN/DR1/MTJS0/SX202.PHN,23,12820,12797
337,TRAIN/DR1/MTJS0/SX22.WAV.wav,TRAIN/DR1/MTJS0/SX22.PHN,20,12840,12820
338,TRAIN/DR1/MTJS0/SX292.WAV.wav,TRAIN/DR1/MTJS0/SX292.PHN,50,12890,12840
339,TRAIN/DR1/MTJS0/SX382.WAV.wav,TRAIN/DR1/MTJS0/SX382.PHN,37,12927,12890
340,TRAIN/DR1/MTPF0/SA1.WAV.wav,TRAIN/DR1/MTPF0/SA1.PHN,37,12964,12927
341,TRAIN/DR1/MTPF0/SA2.WAV.wav,TRAIN/DR1/MTPF0/SA2.PHN,33,12997,12964
342,TRAIN/DR1/MTPF0/SI1235.WAV.wav,TRAIN/DR1/MTPF0/SI1235.PHN,47,13044,12997
343,TRAIN/DR1/MTPF0/SI1865.WAV.wav,TRAIN/DR1/MTPF0/SI1865.PHN,22,13066,13044
344,TRAIN/DR1/MTPF0/SI605.WAV.wav,TRAIN/DR1/MTPF0/SI605.PHN,59,13125,13066
345,TRAIN/DR1/MTPF0/SX155.WAV.wav,TRAIN/DR1/MTPF0/SX155.PHN,40,13165,13125
346,TRAIN/DR1/MTPF0/SX245.WAV.wav,TRAIN/DR1/MTPF0/SX245.PHN,28,13193,13165
347,TRAIN/DR1/MTPF0/SX335.WAV.wav,TRAIN/DR1/MTPF0/SX335.PHN,56,13249,13193
348,TRAIN/DR1/MTPF0/SX425.WAV.wav,TRAIN/DR1/MTPF0/SX425.PHN,24,13273,13249
349,TRAIN/DR1/MTPF0/SX65.WAV.wav,TRAIN/DR1/MTPF0/SX65.PHN,30,13303,13273
350,TRAIN/DR1/MTRR0/SA1.WAV.wav,TRAIN/DR1/MTRR0/SA1.PHN,38,13341,13303
351,TRAIN/DR1/MTRR0/SA2.WAV.wav,TRAIN/DR1/MTRR0/SA2.PHN,33,13374,13341
352,TRAIN/DR1/MTRR0/SI1548.WAV.wav,TRAIN/DR1/MTRR0/SI1548.PHN,21,13395,13374
353,TRAIN/DR1/MTRR0/SI2178.WAV.wav,TRAIN/DR1/MTRR0/SI2178.PHN,27,13422,13395
354,TRAIN/DR1/MTRR0/SI918.WAV.wav,TRAIN/DR1/MTRR0/SI918.PHN,55,13477,13422
355,TRAIN/DR1/MTRR0/SX108.WAV.wav,TRAIN/DR1/MTRR0/SX108.PHN,40,13517,13477
356,TRAIN/DR1/MTRR0/SX18.WAV.wav,TRAIN/DR1/MTRR0/SX18.PHN,29,13546,13517
357,TRAIN/DR1/MTRR0/SX198.WAV.wav,TRAIN/DR1/MTRR0/SX198.PHN,32,13578,13546
358,TRAIN/DR1/MTRR0/SX288.WAV.wav,TRAIN/DR1/MTRR0/SX288.PHN,43,13621,13578
359,TRAIN/DR1/MTRR0/SX378.WAV.wav,TRAIN/DR1/MTRR0/SX378.PHN,38,13659,13621
360,TRAIN/DR1/MWAD0/SA1.WAV.wav,TRAIN/DR1/MWAD0/SA1.PHN,37,13696,13659
361,TRAIN/DR1/MWAD0/SA2.WAV.wav,TRAIN/DR1/MWAD0/SA2.PHN,32,13728,13696
362,TRAIN/DR1/MWAD0/SI1062.WAV.wav,TRAIN/DR1/MWAD0/SI1062.PHN,67,13795,13728
363,TRAIN/DR1/MWAD0/SI1749.WAV.wav,TRAIN/DR1/MWAD0/SI1749.PHN,18,13813,13795
364,TRAIN/DR1/MWAD0/SI2322.WAV.wav,TRAIN/DR1/MWAD0/SI2322.PHN,34,13847,13813
365,TRAIN/DR1/MWAD0/SX162.WAV.wav,TRAIN/DR1/MWAD0/SX162.PHN,31,13878,13847
366,TRAIN/DR1/MWAD0/SX252.WAV.wav,TRAIN/DR1/MWAD0/SX252.PHN,33,13911,13878
367,TRAIN/DR1/MWAD0/SX342.WAV.wav,TRAIN/DR1/MWAD0/SX342.PHN,36,13947,13911
368,TRAIN/DR1/MWAD0/SX432.WAV.wav,TRAIN/DR1/MWAD0/SX432.PHN,53,14000,13947
369,TRAIN/DR1/MWAD0/SX72.WAV.wav,TRAIN/DR1/MWAD0/SX72.PHN,22,14022,14000
370,TRAIN/DR1/MWAR0/SA1.WAV.wav,TRAIN/DR1/MWAR0/SA1.PHN,41,14063,14022
371,TRAIN/DR1/MWAR0/SA2.WAV.wav,TRAIN/DR1/MWAR0/SA2.PHN,33,14096,14063
372,TRAIN/DR1/MWAR0/SI1045.WAV.wav,TRAIN/DR1/MWAR0/SI1045.PHN,60,14156,14096
373,TRAIN/DR1/MWAR0/SI1675.WAV.wav,TRAIN/DR1/MWAR0/SI1675.PHN,38,14194,14156
374,TRAIN/DR1/MWAR0/SI2305.WAV.wav,TRAIN/DR1/MWAR0/SI2305.PHN,28,14222,14194
375,TRAIN/DR1/MWAR0/SX145.WAV.wav,TRAIN/DR1/MWAR0/SX145.PHN,38,14260,14222
376,TRAIN/DR1/MWAR0/SX235.WAV.wav,TRAIN/DR1/MWAR0/SX235.PHN,32,14292,14260
377,TRAIN/DR1/MWAR0/SX325.WAV.wav,TRAIN/DR1/MWAR0/SX325.PHN,25,14317,14292
378,TRAIN/DR1/MWAR0/SX415.WAV.wav,TRAIN/DR1/MWAR0/SX415.PHN,36,14353,14317
379,TRAIN/DR1/MWAR0/SX55.WAV.wav,TRAIN/DR1/MWAR0/SX55.PHN,46,14399,14353
380,TRAIN/DR2/FAEM0/SA1.WAV.wav,TRAIN/DR2/FAEM0/SA1.PHN,40,14439,14399
381,TRAIN/DR2/FAEM0/SA2.WAV.wav,TRAIN/DR2/FAEM0/SA2.PHN,36,14475,14439
382,TRAIN/DR2/FAEM0/SI1392.WAV.wav,TRAIN/DR2/FAEM0/SI1392.PHN,62,14537,14475
383,TRAIN/DR2/FAEM0/SI2022.WAV.wav,TRAIN/DR2/FAEM0/SI2022.PHN,21,14558,14537
384,TRAIN/DR2/FAEM0/SI762.WAV.wav,TRAIN/DR2/FAEM0/SI762.PHN,27,14585,14558
385,TRAIN/DR2/FAEM0/SX132.WAV.wav,TRAIN/DR2/FAEM0/SX132.PHN,37,14622,14585
386,TRAIN/DR2/FAEM0/SX222.WAV.wav,TRAIN/DR2/FAEM0/SX222.PHN,42,14664,14622
387,TRAIN/DR2/FAEM0/SX312.WAV.wav,TRAIN/DR2/FAEM0/SX312.PHN,53,14717,14664
388,TRAIN/DR2/FAEM0/SX402.WAV.wav,TRAIN/DR2/FAEM0/SX402.PHN,33,14750,14717
389,TRAIN/DR2/FAEM0/SX42.WAV.wav,TRAIN/DR2/FAEM0/SX42.PHN,33,14783,14750
390,TRAIN/DR2/FAJW0/SA1.WAV.wav,TRAIN/DR2/FAJW0/SA1.PHN,42,14825,14783
391,TRAIN/DR2/FAJW0/SA2.WAV.wav,TRAIN/DR2/FAJW0/SA2.PHN,40,14865,14825
392,TRAIN/DR2/FAJW0/SI1263.WAV.wav,TRAIN/DR2/FAJW0/SI1263.PHN,59,14924,14865
393,TRAIN/DR2/FAJW0/SI1893.WAV.wav,TRAIN/DR2/FAJW0/SI1893.PHN,35,14959,14924
394,TRAIN/DR2/FAJW0/SI633.WAV.wav,TRAIN/DR2/FAJW0/SI633.PHN,61,15020,14959
395,TRAIN/DR2/FAJW0/SX183.WAV.wav,TRAIN/DR2/FAJW0/SX183.PHN,30,15050,15020
396,TRAIN/DR2/FAJW0/SX273.WAV.wav,TRAIN/DR2/FAJW0/SX273.PHN,35,15085,15050
397,TRAIN/DR2/FAJW0/SX3.WAV.wav,TRAIN/DR2/FAJW0/SX3.PHN,18,15103,15085
398,TRAIN/DR2/FAJW0/SX363.WAV.wav,TRAIN/DR2/FAJW0/SX363.PHN,40,15143,15103
399,TRAIN/DR2/FAJW0/SX93.WAV.wav,TRAIN/DR2/FAJW0/SX93.PHN,27,15170,15143
400,TRAIN/DR2/FCAJ0/SA1.WAV.wav,TRAIN/DR2/FCAJ0/SA1.PHN,42,15212,15170
401,TRAIN/DR2/FCAJ0/SA2.WAV.wav,TRAIN/DR2/FCAJ0/SA2.PHN,33,15245,15212
402,TRAIN/DR2/FCAJ0/SI1479.WAV.wav,TRAIN/DR2/FCAJ0/SI1479.PHN,25,15270,15245
403,TRAIN/DR2/FCAJ0/SI1804.WAV.wav,TRAIN/DR2/FCAJ0/SI1804.PHN,21,15291,15270
404,TRAIN/DR2/FCAJ0/SI849.WAV.wav,TRAIN/DR2/FCAJ0/SI849.PHN,64,15355,15291
405,TRAIN/DR2/FCAJ0/SX129.WAV.wav,TRAIN/DR2/FCAJ0/SX129.PHN,28,15383,15355
406,TRAIN/DR2/FCAJ0/SX219.WAV.wav,TRAIN/DR2/FCAJ0/SX219.PHN,46,15429,15383
407,TRAIN/DR2/FCAJ0/SX309.WAV.wav,TRAIN/DR2/FCAJ0/SX309.PHN,45,15474,15429
408,TRAIN/DR2/FCAJ0/SX39.WAV.wav,TRAIN/DR2/FCAJ0/SX39.PHN,43,15517,15474
409,TRAIN/DR2/FCAJ0/SX399.WAV.wav,TRAIN/DR2/FCAJ0/SX399.PHN,32,15549,15517
410,TRAIN/DR2/FCMM0/SA1.WAV.wav,TRAIN/DR2/FCMM0/SA1.PHN,40,15589,15549
411,TRAIN/DR2/FCMM0/SA2.WAV.wav,TRAIN/DR2/FCMM0/SA2.PHN,33,15622,15589
412,TRAIN/DR2/FCMM0/SI1083.WAV.wav,TRAIN/DR2/FCMM0/SI1083.PHN,40,15662,15622
413,TRAIN/DR2/FCMM0/SI1957.WAV.wav,TRAIN/DR2/FCMM0/SI1957.PHN,60,15722,15662
414,TRAIN/DR2/FCMM0/SI453.WAV.wav,TRAIN/DR2/FCMM0/SI453.PHN,29,15751,15722
415,TRAIN/DR2/FCMM0/SX183.WAV.wav,TRAIN/DR2/FCMM0/SX183.PHN,28,15779,15751
416,TRAIN/DR2/FCMM0/SX273.WAV.wav,TRAIN/DR2/FCMM0/SX273.PHN,34,15813,15779
417,TRAIN/DR2/FCMM0/SX363.WAV.wav,TRAIN/DR2/FCMM0/SX363.PHN,39,15852,15813
418,TRAIN/DR2/FCMM0/SX420.WAV.wav,TRAIN/DR2/FCMM0/SX420.PHN,50,15902,15852
419,TRAIN/DR2/FCMM0/SX93.WAV.wav,TRAIN/DR2/FCMM0/SX93.PHN,28,15930,15902
420,TRAIN/DR2/FCYL0/SA1.WAV.wav,TRAIN/DR2/FCYL0/SA1.PHN,42,15972,15930
421,TRAIN/DR2/FCYL0/SA2.WAV.wav,TRAIN/DR2/FCYL0/SA2.PHN,37,16009,15972
422,TRAIN/DR2/FCYL0/SI1297.WAV.wav,TRAIN/DR2/FCYL0/SI1297.PHN,39,16048,16009
423,TRAIN/DR2/FCYL0/SI1927.WAV.wav,TRAIN/DR2/FCYL0/SI1927.PHN,36,16084,16048
424,TRAIN/DR2/FCYL0/SI667.WAV.wav,TRAIN/DR2/FCYL0/SI667.PHN,69,16153,16084
425,TRAIN/DR2/FCYL0/SX127.WAV.wav,TRAIN/DR2/FCYL0/SX127.PHN,25,16178,16153
426,TRAIN/DR2/FCYL0/SX217.WAV.wav,TRAIN/DR2/FCYL0/SX217.PHN,27,16205,16178
427,TRAIN/DR2/FCYL0/SX349.WAV.wav,TRAIN/DR2/FCYL0/SX349.PHN,61,16266,16205
428,TRAIN/DR2/FCYL0/SX37.WAV.wav,TRAIN/DR2/FCYL0/SX37.PHN,39,16305,16266
429,TRAIN/DR2/FCYL0/SX397.WAV.wav,TRAIN/DR2/FCYL0/SX397.PHN,34,16339,16305
430,TRAIN/DR2/FDAS1/SA1.WAV.wav,TRAIN/DR2/FDAS1/SA1.PHN,40,16379,16339
431,TRAIN/DR2/FDAS1/SA2.WAV.wav,TRAIN/DR2/FDAS1/SA2.PHN,33,16412,16379
432,TRAIN/DR2/FDAS1/SI1461.WAV.wav,TRAIN/DR2/FDAS1/SI1461.PHN,67,16479,16412
433,TRAIN/DR2/FDAS1/SI2091.WAV.wav,TRAIN/DR2/FDAS1/SI2091.PHN,22,16501,16479
434,TRAIN/DR2/FDAS1/SI831.WAV.wav,TRAIN/DR2/FDAS1/SI831.PHN,69,16570,16501
435,TRAIN/DR2/FDAS1/SX111.WAV.wav,TRAIN/DR2/FDAS1/SX111.PHN,29,16599,16570
436,TRAIN/DR2/FDAS1/SX201.WAV.wav,TRAIN/DR2/FDAS1/SX201.PHN,38,16637,16599
437,TRAIN/DR2/FDAS1/SX21.WAV.wav,TRAIN/DR2/FDAS1/SX21.PHN,20,16657,16637
438,TRAIN/DR2/FDAS1/SX291.WAV.wav,TRAIN/DR2/FDAS1/SX291.PHN,34,16691,16657
439,TRAIN/DR2/FDAS1/SX381.WAV.wav,TRAIN/DR2/FDAS1/SX381.PHN,30,16721,16691
440,TRAIN/DR2/FDNC0/SA1.WAV.wav,TRAIN/DR2/FDNC0/SA1.PHN,42,16763,16721
441,TRAIN/DR2/FDNC0/SA2.WAV.wav,TRAIN/DR2/FDNC0/SA2.PHN,35,16798,16763
442,TRAIN/DR2/FDNC0/SI1278.WAV.wav,TRAIN/DR2/FDNC0/SI1278.PHN,60,16858,16798
443,TRAIN/DR2/FDNC0/SI1908.WAV.wav,TRAIN/DR2/FDNC0/SI1908.PHN,50,16908,16858
444,TRAIN/DR2/FDNC0/SI2287.WAV.wav,TRAIN/DR2/FDNC0/SI2287.PHN,18,16926,16908
445,TRAIN/DR2/FDNC0/SX108.WAV.wav,TRAIN/DR2/FDNC0/SX108.PHN,42,16968,16926
446,TRAIN/DR2/FDNC0/SX18.WAV.wav,TRAIN/DR2/FDNC0/SX18.PHN,35,17003,16968
447,TRAIN/DR2/FDNC0/SX198.WAV.wav,TRAIN/DR2/FDNC0/SX198.PHN,33,17036,17003
448,TRAIN/DR2/FDNC0/SX288.WAV.wav,TRAIN/DR2/FDNC0/SX288.PHN,46,17082,17036
449,TRAIN/DR2/FDNC0/SX378.WAV.wav,TRAIN/DR2/FDNC0/SX378.PHN,42,17124,17082
450,TRAIN/DR2/FDXW0/SA1.WAV.wav,TRAIN/DR2/FDXW0/SA1.PHN,37,17161,17124
451,TRAIN/DR2/FDXW0/SA2.WAV.wav,TRAIN/DR2/FDXW0/SA2.PHN,34,17195,17161
452,TRAIN/DR2/FDXW0/SI1511.WAV.wav,TRAIN/DR2/FDXW0/SI1511.PHN,33,17228,17195
453,TRAIN/DR2/FDXW0/SI2141.WAV.wav,TRAIN/DR2/FDXW0/SI2141.PHN,20,17248,17228
454,TRAIN/DR2/FDXW0/SI881.WAV.wav,TRAIN/DR2/FDXW0/SI881.PHN,59,17307,17248
455,TRAIN/DR2/FDXW0/SX161.WAV.wav,TRAIN/DR2/FDXW0/SX161.PHN,49,17356,17307
456,TRAIN/DR2/FDXW0/SX251.WAV.wav,TRAIN/DR2/FDXW0/SX251.PHN,54,17410,17356
457,TRAIN/DR2/FDXW0/SX341.WAV.wav,TRAIN/DR2/FDXW0/SX341.PHN,43,17453,17410
458,TRAIN/DR2/FDXW0/SX431.WAV.wav,TRAIN/DR2/FDXW0/SX431.PHN,34,17487,17453
459,TRAIN/DR2/FDXW0/SX71.WAV.wav,TRAIN/DR2/FDXW0/SX71.PHN,29,17516,17487
460,TRAIN/DR2/FEAC0/SA1.WAV.wav,TRAIN/DR2/FEAC0/SA1.PHN,40,17556,17516
461,TRAIN/DR2/FEAC0/SA2.WAV.wav,TRAIN/DR2/FEAC0/SA2.PHN,33,17589,17556
462,TRAIN/DR2/FEAC0/SI1245.WAV.wav,TRAIN/DR2/FEAC0/SI1245.PHN,27,17616,17589
463,TRAIN/DR2/FEAC0/SI1875.WAV.wav,TRAIN/DR2/FEAC0/SI1875.PHN,35,17651,17616
464,TRAIN/DR2/FEAC0/SI615.WAV.wav,TRAIN/DR2/FEAC0/SI615.PHN,51,17702,17651
465,TRAIN/DR2/FEAC0/SX165.WAV.wav,TRAIN/DR2/FEAC0/SX165.PHN,41,17743,17702
466,TRAIN/DR2/FEAC0/SX255.WAV.wav,TRAIN/DR2/FEAC0/SX255.PHN,34,17777,17743
467,TRAIN/DR2/FEAC0/SX345.WAV.wav,TRAIN/DR2/FEAC0/SX345.PHN,30,17807,17777
468,TRAIN/DR2/FEAC0/SX435.WAV.wav,TRAIN/DR2/FEAC0/SX435.PHN,50,17857,17807
469,TRAIN/DR2/FEAC0/SX75.WAV.wav,TRAIN/DR2/FEAC0/SX75.PHN,31,17888,17857
470,TRAIN/DR2/FHLM0/SA1.WAV.wav,TRAIN/DR2/FHLM0/SA1.PHN,42,17930,17888
471,TRAIN/DR2/FHLM0/SA2.WAV.wav,TRAIN/DR2/FHLM0/SA2.PHN,34,17964,17930
472,TRAIN/DR2/FHLM0/SI1560.WAV.wav,TRAIN/DR2/FHLM0/SI1560.PHN,15,17979,17964
473,TRAIN/DR2/FHLM0/SI2190.WAV.wav,TRAIN/DR2/FHLM0/SI2190.PHN,40,18019,17979
474,TRAIN/DR2/FHLM0/SI930.WAV.wav,TRAIN/DR2/FHLM0/SI930.PHN,43,18062,18019
475,TRAIN/DR2/FHLM0/SX120.WAV.wav,TRAIN/DR2/FHLM0/SX120.PHN,39,18101,18062
476,TRAIN/DR2/FHLM0/SX210.WAV.wav,TRAIN/DR2/FHLM0/SX210.PHN,29,18130,18101
477,TRAIN/DR2/FHLM0/SX300.WAV.wav,TRAIN/DR2/FHLM0/SX300.PHN,31,18161,18130
478,TRAIN/DR2/FHLM0/SX349.WAV.wav,TRAIN/DR2/FHLM0/SX349.PHN,63,18224,18161
479,TRAIN/DR2/FHLM0/SX390.WAV.wav,TRAIN/DR2/FHLM0/SX390.PHN,39,18263,18224
480,TRAIN/DR2/FJKL0/SA1.WAV.wav,TRAIN/DR2/FJKL0/SA1.PHN,41,18304,18263
481,TRAIN/DR2/FJKL0/SA2.WAV.wav,TRAIN/DR2/FJKL0/SA2.PHN,34,18338,18304
482,TRAIN/DR2/FJKL0/SI1562.WAV.wav,TRAIN/DR2/FJKL0/SI1562.PHN,19,18357,18338
483,TRAIN/DR2/FJKL0/SI2192.WAV.wav,TRAIN/DR2/FJKL0/SI2192.PHN,19,18376,18357
484,TRAIN/DR2/FJKL0/SI932.WAV.wav,TRAIN/DR2/FJKL0/SI932.PHN,67,18443,18376
485,TRAIN/DR2/FJKL0/SX122.WAV.wav,TRAIN/DR2/FJKL0/SX122.PHN,52,18495,18443
486,TRAIN/DR2/FJKL0/SX212.WAV.wav,TRAIN/DR2/FJKL0/SX212.PHN,45,18540,18495
487,TRAIN/DR2/FJKL0/SX302.WAV.wav,TRAIN/DR2/FJKL0/SX302.PHN,27,18567,18540
488,TRAIN/DR2/FJKL0/SX32.WAV.wav,TRAIN/DR2/FJKL0/SX32.PHN,36,18603,18567
489,TRAIN/DR2/FJKL0/SX392.WAV.wav,TRAIN/DR2/FJKL0/SX392.PHN,44,18647,18603
490,TRAIN/DR2/FKAA0/SA1.WAV.wav,TRAIN/DR2/FKAA0/SA1.PHN,43,18690,18647
491,TRAIN/DR2/FKAA0/SA2.WAV.wav,TRAIN/DR2/FKAA0/SA2.PHN,34,18724,18690
492,TRAIN/DR2/FKAA0/SI1208.WAV.wav,TRAIN/DR2/FKAA0/SI1208.PHN,41,18765,18724
493,TRAIN/DR2/FKAA0/SI1838.WAV.wav,TRAIN/DR2/FKAA0/SI1838.PHN,31,18796,18765
494,TRAIN/DR2/FKAA0/SI578.WAV.wav,TRAIN/DR2/FKAA0/SI578.PHN,33,18829,18796
495,TRAIN/DR2/FKAA0/SX128.WAV.wav,TRAIN/DR2/FKAA0/SX128.PHN,28,18857,18829
496,TRAIN/DR2/FKAA0/SX218.WAV.wav,TRAIN/DR2/FKAA0/SX218.PHN,42,18899,18857
497,TRAIN/DR2/FKAA0/SX308.WAV.wav,TRAIN/DR2/FKAA0/SX308.PHN,35,18934,18899
498,TRAIN/DR2/FKAA0/SX38.WAV.wav,TRAIN/DR2/FKAA0/SX38.PHN,48,18982,18934
499,TRAIN/DR2/FKAA0/SX398.WAV.wav,TRAIN/DR2/FKAA0/SX398.PHN,44,19026,18982
500,TRAIN/DR2/FLMA0/SA1.WAV.wav,TRAIN/DR2/FLMA0/SA1.PHN,40,19066,19026
501,TRAIN/DR2/FLMA0/SA2.WAV.wav,TRAIN/DR2/FLMA0/SA2.PHN,33,19099,19066
502,TRAIN/DR2/FLMA0/SI1243.WAV.wav,TRAIN/DR2/FLMA0/SI1243.PHN,24,19123,19099
503,TRAIN/DR2/FLMA0/SI1873.WAV.wav,TRAIN/DR2/FLMA0/SI1873.PHN,52,19175,19123
504,TRAIN/DR2/FLMA0/SI613.WAV.wav,TRAIN/DR2/FLMA0/SI613.PHN,45,19220,19175
505,TRAIN/DR2/FLMA0/SX163.WAV.wav,TRAIN/DR2/FLMA0/SX163.PHN,34,19254,19220
506,TRAIN/DR2/FLMA0/SX253.WAV.wav,TRAIN/DR2/FLMA0/SX253.PHN,27,19281,19254
507,TRAIN/DR2/FLMA0/SX343.WAV.wav,TRAIN/DR2/FLMA0/SX343.PHN,41,19322,19281
508,TRAIN/DR2/FLMA0/SX433.WAV.wav,TRAIN/DR2/FLMA0/SX433.PHN,43,19365,19322
509,TRAIN/DR2/FLMA0/SX73.WAV.wav,TRAIN/DR2/FLMA0/SX73.PHN,37,19402,19365
510,TRAIN/DR2/FLMC0/SA1.WAV.wav,TRAIN/DR2/FLMC0/SA1.PHN,40,19442,19402
511,TRAIN/DR2/FLMC0/SA2.WAV.wav,TRAIN/DR2/FLMC0/SA2.PHN,35,19477,19442
512,TRAIN/DR2/FLMC0/SI1372.WAV.wav,TRAIN/DR2/FLMC0/SI1372.PHN,60,19537,19477
513,TRAIN/DR2/FLMC0/SI2002.WAV.wav,TRAIN/DR2/FLMC0/SI2002.PHN,21,19558,19537
514,TRAIN/DR2/FLMC0/SI742.WAV.wav,TRAIN/DR2/FLMC0/SI742.PHN,31,19589,19558
515,TRAIN/DR2/FLMC0/SX112.WAV.wav,TRAIN/DR2/FLMC0/SX112.PHN,38,19627,19589
516,TRAIN/DR2/FLMC0/SX22.WAV.wav,TRAIN/DR2/FLMC0/SX22.PHN,24,19651,19627
517,TRAIN/DR2/FLMC0/SX292.WAV.wav,TRAIN/DR2/FLMC0/SX292.PHN,50,19701,19651
518,TRAIN/DR2/FLMC0/SX336.WAV.wav,TRAIN/DR2/FLMC0/SX336.PHN,53,19754,19701
519,TRAIN/DR2/FLMC0/SX382.WAV.wav,TRAIN/DR2/FLMC0/SX382.PHN,38,19792,19754
520,TRAIN/DR2/FMJB0/SA1.WAV.wav,TRAIN/DR2/FMJB0/SA1.PHN,39,19831,19792
521,TRAIN/DR2/FMJB0/SA2.WAV.wav,TRAIN/DR2/FMJB0/SA2.PHN,34,19865,19831
522,TRAIN/DR2/FMJB0/SI1177.WAV.wav,TRAIN/DR2/FMJB0/SI1177.PHN,60,19925,19865
523,TRAIN/DR2/FMJB0/SI1807.WAV.wav,TRAIN/DR2/FMJB0/SI1807.PHN,39,19964,19925
524,TRAIN/DR2/FMJB0/SI547.WAV.wav,TRAIN/DR2/FMJB0/SI547.PHN,42,20006,19964
525,TRAIN/DR2/FMJB0/SX187.WAV.wav,TRAIN/DR2/FMJB0/SX187.PHN,22,20028,20006
526,TRAIN/DR2/FMJB0/SX277.WAV.wav,TRAIN/DR2/FMJB0/SX277.PHN,22,20050,20028
527,TRAIN/DR2/FMJB0/SX367.WAV.wav,TRAIN/DR2/FMJB0/SX367.PHN,36,20086,20050
528,TRAIN/DR2/FMJB0/SX7.WAV.wav,TRAIN/DR2/FMJB0/SX7.PHN,31,20117,20086
529,TRAIN/DR2/FMJB0/SX97.WAV.wav,TRAIN/DR2/FMJB0/SX97.PHN,29,20146,20117
530,TRAIN/DR2/FMKF0/SA1.WAV.wav,TRAIN/DR2/FMKF0/SA1.PHN,41,20187,20146
531,TRAIN/DR2/FMKF0/SA2.WAV.wav,TRAIN/DR2/FMKF0/SA2.PHN,35,20222,20187
532,TRAIN/DR2/FMKF0/SI1018.WAV.wav,TRAIN/DR2/FMKF0/SI1018.PHN,57,20279,20222
533,TRAIN/DR2/FMKF0/SI1536.WAV.wav,TRAIN/DR2/FMKF0/SI1536.PHN,33,20312,20279
534,TRAIN/DR2/FMKF0/SI906.WAV.wav,TRAIN/DR2/FMKF0/SI906.PHN,38,20350,20312
535,TRAIN/DR2/FMKF0/SX186.WAV.wav,TRAIN/DR2/FMKF0/SX186.PHN,27,20377,20350
536,TRAIN/DR2/FMKF0/SX276.WAV.wav,TRAIN/DR2/FMKF0/SX276.PHN,32,20409,20377
537,TRAIN/DR2/FMKF0/SX366.WAV.wav,TRAIN/DR2/FMKF0/SX366.PHN,52,20461,20409
538,TRAIN/DR2/FMKF0/SX6.WAV.wav,TRAIN/DR2/FMKF0/SX6.PHN,24,20485,20461
539,TRAIN/DR2/FMKF0/SX96.WAV.wav,TRAIN/DR2/FMKF0/SX96.PHN,38,20523,20485
540,TRAIN/DR2/FMMH0/SA1.WAV.wav,TRAIN/DR2/FMMH0/SA1.PHN,40,20563,20523
541,TRAIN/DR2/FMMH0/SA2.WAV.wav,TRAIN/DR2/FMMH0/SA2.PHN,35,20598,20563
542,TRAIN/DR2/FMMH0/SI1537.WAV.wav,TRAIN/DR2/FMMH0/SI1537.PHN,52,20650,20598
543,TRAIN/DR2/FMMH0/SI2167.WAV.wav,TRAIN/DR2/FMMH0/SI2167.PHN,44,20694,20650
544,TRAIN/DR2/FMMH0/SI907.WAV.wav,TRAIN/DR2/FMMH0/SI907.PHN,45,20739,20694
545,TRAIN/DR2/FMMH0/SX187.WAV.wav,TRAIN/DR2/FMMH0/SX187.PHN,23,20762,20739
546,TRAIN/DR2/FMMH0/SX367.WAV.wav,TRAIN/DR2/FMMH0/SX367.PHN,38,20800,20762
547,TRAIN/DR2/FMMH0/SX420.WAV.wav,TRAIN/DR2/FMMH0/SX420.PHN,49,20849,20800
548,TRAIN/DR2/FMMH0/SX7.WAV.wav,TRAIN/DR2/FMMH0/SX7.PHN,34,20883,20849
549,TRAIN/DR2/FMMH0/SX97.WAV.wav,TRAIN/DR2/FMMH0/SX97.PHN,30,20913,20883
550,TRAIN/DR2/FPJF0/SA1.WAV.wav,TRAIN/DR2/FPJF0/SA1.PHN,40,20953,20913
551,TRAIN/DR2/FPJF0/SA2.WAV.wav,TRAIN/DR2/FPJF0/SA2.PHN,34,20987,20953
552,TRAIN/DR2/FPJF0/SI1046.WAV.wav,TRAIN/DR2/FPJF0/SI1046.PHN,37,21024,20987
553,TRAIN/DR2/FPJF0/SI1259.WAV.wav,TRAIN/DR2/FPJF0/SI1259.PHN,56,21080,21024
554,TRAIN/DR2/FPJF0/SI1676.WAV.wav,TRAIN/DR2/FPJF0/SI1676.PHN,44,21124,21080
555,TRAIN/DR2/FPJF0/SX146.WAV.wav,TRAIN/DR2/FPJF0/SX146.PHN,36,21160,21124
556,TRAIN/DR2/FPJF0/SX236.WAV.wav,TRAIN/DR2/FPJF0/SX236.PHN,36,21196,21160
557,TRAIN/DR2/FPJF0/SX326.WAV.wav,TRAIN/DR2/FPJF0/SX326.PHN,29,21225,21196
558,TRAIN/DR2/FPJF0/SX352.WAV.wav,TRAIN/DR2/FPJF0/SX352.PHN,71,21296,21225
559,TRAIN/DR2/FPJF0/SX56.WAV.wav,TRAIN/DR2/FPJF0/SX56.PHN,42,21338,21296
560,TRAIN/DR2/FRLL0/SA1.WAV.wav,TRAIN/DR2/FRLL0/SA1.PHN,40,21378,21338
561,TRAIN/DR2/FRLL0/SA2.WAV.wav,TRAIN/DR2/FRLL0/SA2.PHN,34,21412,21378
562,TRAIN/DR2/FRLL0/SI1514.WAV.wav,TRAIN/DR2/FRLL0/SI1514.PHN,29,21441,21412
563,TRAIN/DR2/FRLL0/SI805.WAV.wav,TRAIN/DR2/FRLL0/SI805.PHN,65,21506,21441
564,TRAIN/DR2/FRLL0/SI884.WAV.wav,TRAIN/DR2/FRLL0/SI884.PHN,38,21544,21506
565,TRAIN/DR2/FRLL0/SX164.WAV.wav,TRAIN/DR2/FRLL0/SX164.PHN,42,21586,21544
566,TRAIN/DR2/FRLL0/SX254.WAV.wav,TRAIN/DR2/FRLL0/SX254.PHN,22,21608,21586
567,TRAIN/DR2/FRLL0/SX344.WAV.wav,TRAIN/DR2/FRLL0/SX344.PHN,26,21634,21608
568,TRAIN/DR2/FRLL0/SX434.WAV.wav,TRAIN/DR2/FRLL0/SX434.PHN,30,21664,21634
569,TRAIN/DR2/FRLL0/SX74.WAV.wav,TRAIN/DR2/FRLL0/SX74.PHN,36,21700,21664
570,TRAIN/DR2/FSCN0/SA1.WAV.wav,TRAIN/DR2/FSCN0/SA1.PHN,41,21741,21700
571,TRAIN/DR2/FSCN0/SA2.WAV.wav,TRAIN/DR2/FSCN0/SA2.PHN,33,21774,21741
572,TRAIN/DR2/FSCN0/SI1886.WAV.wav,TRAIN/DR2/FSCN0/SI1886.PHN,36,21810,21774
573,TRAIN/DR2/FSCN0/SI626.WAV.wav,TRAIN/DR2/FSCN0/SI626.PHN,37,21847,21810
574,TRAIN/DR2/FSCN0/SI705.WAV.wav,TRAIN/DR2/FSCN0/SI705.PHN,56,21903,21847
575,TRAIN/DR2/FSCN0/SX176.WAV.wav,TRAIN/DR2/FSCN0/SX176.PHN,53,21956,21903
576,TRAIN/DR2/FSCN0/SX266.WAV.wav,TRAIN/DR2/FSCN0/SX266.PHN,34,21990,21956
577,TRAIN/DR2/FSCN0/SX356.WAV.wav,TRAIN/DR2/FSCN0/SX356.PHN,36,22026,21990
578,TRAIN/DR2/FSCN0/SX446.WAV.wav,TRAIN/DR2/FSCN0/SX446.PHN,44,22070,22026
579,TRAIN/DR2/FSCN0/SX86.WAV.wav,TRAIN/DR2/FSCN0/SX86.PHN,32,22102,22070
580,TRAIN/DR2/FSKL0/SA1.WAV.wav,TRAIN/DR2/FSKL0/SA1.PHN,38,22140,22102
581,TRAIN/DR2/FSKL0/SA2.WAV.wav,TRAIN/DR2/FSKL0/SA2.PHN,35,22175,22140
582,TRAIN/DR2/FSKL0/SI1529.WAV.wav,TRAIN/DR2/FSKL0/SI1529.PHN,33,22208,22175
583,TRAIN/DR2/FSKL0/SI2159.WAV.wav,TRAIN/DR2/FSKL0/SI2159.PHN,53,22261,22208
584,TRAIN/DR2/FSKL0/SI899.WAV.wav,TRAIN/DR2/FSKL0/SI899.PHN,32,22293,22261
585,TRAIN/DR2/FSKL0/SX179.WAV.wav,TRAIN/DR2/FSKL0/SX179.PHN,38,22331,22293
586,TRAIN/DR2/FSKL0/SX269.WAV.wav,TRAIN/DR2/FSKL0/SX269.PHN,30,22361,22331
587,TRAIN/DR2/FSKL0/SX359.WAV.wav,TRAIN/DR2/FSKL0/SX359.PHN,47,22408,22361
588,TRAIN/DR2/FSKL0/SX449.WAV.wav,TRAIN/DR2/FSKL0/SX449.PHN,48,22456,22408
589,TRAIN/DR2/FSKL0/SX89.WAV.wav,TRAIN/DR2/FSKL0/SX89.PHN,38,22494,22456
590,TRAIN/DR2/FSRH0/SA1.WAV.wav,TRAIN/DR2/FSRH0/SA1.PHN,39,22533,22494
591,TRAIN/DR2/FSRH0/SA2.WAV.wav,TRAIN/DR2/FSRH0/SA2.PHN,33,22566,22533
592,TRAIN/DR2/FSRH0/SI1719.WAV.wav,TRAIN/DR2/FSRH0/SI1719.PHN,17,22583,22566
593,TRAIN/DR2/FSRH0/SI1931.WAV.wav,TRAIN/DR2/FSRH0/SI1931.PHN,35,22618,22583
594,TRAIN/DR2/FSRH0/SI671.WAV.wav,TRAIN/DR2/FSRH0/SI671.PHN,36,22654,22618
595,TRAIN/DR2/FSRH0/SX131.WAV.wav,TRAIN/DR2/FSRH0/SX131.PHN,36,22690,22654
596,TRAIN/DR2/FSRH0/SX221.WAV.wav,TRAIN/DR2/FSRH0/SX221.PHN,47,22737,22690
597,TRAIN/DR2/FSRH0/SX311.WAV.wav,TRAIN/DR2/FSRH0/SX311.PHN,57,22794,22737
598,TRAIN/DR2/FSRH0/SX401.WAV.wav,TRAIN/DR2/FSRH0/SX401.PHN,39,22833,22794
599,TRAIN/DR2/FSRH0/SX41.WAV.wav,TRAIN/DR2/FSRH0/SX41.PHN,52,22885,22833
600,TRAIN/DR2/FTMG0/SA1.WAV.wav,TRAIN/DR2/FTMG0/SA1.PHN,42,22927,22885
601,TRAIN/DR2/FTMG0/SA2.WAV.wav,TRAIN/DR2/FTMG0/SA2.PHN,31,22958,22927
602,TRAIN/DR2/FTMG0/SI1532.WAV.wav,TRAIN/DR2/FTMG0/SI1532.PHN,17,22975,22958
603,TRAIN/DR2/FTMG0/SI2162.WAV.wav,TRAIN/DR2/FTMG0/SI2162.PHN,28,23003,22975
604,TRAIN/DR2/FTMG0/SI902.WAV.wav,TRAIN/DR2/FTMG0/SI902.PHN,56,23059,23003
605,TRAIN/DR2/FTMG0/SX182.WAV.wav,TRAIN/DR2/FTMG0/SX182.PHN,24,23083,23059
606,TRAIN/DR2/FTMG0/SX272.WAV.wav,TRAIN/DR2/FTMG0/SX272.PHN,30,23113,23083
607,TRAIN/DR2/FTMG0/SX362.WAV.wav,TRAIN/DR2/FTMG0/SX362.PHN,41,23154,23113
608,TRAIN/DR2/FTMG0/SX452.WAV.wav,TRAIN/DR2/FTMG0/SX452.PHN,45,23199,23154
609,TRAIN/DR2/FTMG0/SX92.WAV.wav,TRAIN/DR2/FTMG0/SX92.PHN,37,23236,23199
610,TRAIN/DR2/MARC0/SA1.WAV.wav,TRAIN/DR2/MARC0/SA1.PHN,40,23276,23236
611,TRAIN/DR2/MARC0/SA2.WAV.wav,TRAIN/DR2/MARC0/SA2.PHN,31,23307,23276
612,TRAIN/DR2/MARC0/SI1188.WAV.wav,TRAIN/DR2/MARC0/SI1188.PHN,18,23325,23307
613,TRAIN/DR2/MARC0/SI1818.WAV.wav,TRAIN/DR2/MARC0/SI1818.PHN,30,23355,23325
614,TRAIN/DR2/MARC0/SI558.WAV.wav,TRAIN/DR2/MARC0/SI558.PHN,51,23406,23355
615,TRAIN/DR2/MARC0/SX108.WAV.wav,TRAIN/DR2/MARC0/SX108.PHN,36,23442,23406
616,TRAIN/DR2/MARC0/SX18.WAV.wav,TRAIN/DR2/MARC0/SX18.PHN,33,23475,23442
617,TRAIN/DR2/MARC0/SX198.WAV.wav,TRAIN/DR2/MARC0/SX198.PHN,32,23507,23475
618,TRAIN/DR2/MARC0/SX288.WAV.wav,TRAIN/DR2/MARC0/SX288.PHN,42,23549,23507
619,TRAIN/DR2/MARC0/SX378.WAV.wav,TRAIN/DR2/MARC0/SX378.PHN,42,23591,23549
620,TRAIN/DR2/MBJV0/SA1.WAV.wav,TRAIN/DR2/MBJV0/SA1.PHN,39,23630,23591
621,TRAIN/DR2/MBJV0/SA2.WAV.wav,TRAIN/DR2/MBJV0/SA2.PHN,31,23661,23630
622,TRAIN/DR2/MBJV0/SI1247.WAV.wav,TRAIN/DR2/MBJV0/SI1247.PHN,34,23695,23661
623,TRAIN/DR2/MBJV0/SI1877.WAV.wav,TRAIN/DR2/MBJV0/SI1877.PHN,32,23727,23695
624,TRAIN/DR2/MBJV0/SI617.WAV.wav,TRAIN/DR2/MBJV0/SI617.PHN,40,23767,23727
625,TRAIN/DR2/MBJV0/SX167.WAV.wav,TRAIN/DR2/MBJV0/SX167.PHN,46,23813,23767
626,TRAIN/DR2/MBJV0/SX257.WAV.wav,TRAIN/DR2/MBJV0/SX257.PHN,27,23840,23813
627,TRAIN/DR2/MBJV0/SX347.WAV.wav,TRAIN/DR2/MBJV0/SX347.PHN,59,23899,23840
628,TRAIN/DR2/MBJV0/SX437.WAV.wav,TRAIN/DR2/MBJV0/SX437.PHN,46,23945,23899
629,TRAIN/DR2/MBJV0/SX77.WAV.wav,TRAIN/DR2/MBJV0/SX77.PHN,36,23981,23945
630,TRAIN/DR2/MCEW0/SA1.WAV.wav,TRAIN/DR2/MCEW0/SA1.PHN,40,24021,23981
631,TRAIN/DR2/MCEW0/SA2.WAV.wav,TRAIN/DR2/MCEW0/SA2.PHN,33,24054,24021
632,TRAIN/DR2/MCEW0/SI1442.WAV.wav,TRAIN/DR2/MCEW0/SI1442.PHN,37,24091,24054
633,TRAIN/DR2/MCEW0/SI2072.WAV.wav,TRAIN/DR2/MCEW0/SI2072.PHN,59,24150,24091
634,TRAIN/DR2/MCEW0/SI812.WAV.wav,TRAIN/DR2/MCEW0/SI812.PHN,60,24210,24150
635,TRAIN/DR2/MCEW0/SX182.WAV.wav,TRAIN/DR2/MCEW0/SX182.PHN,22,24232,24210
636,TRAIN/DR2/MCEW0/SX272.WAV.wav,TRAIN/DR2/MCEW0/SX272.PHN,28,24260,24232
637,TRAIN/DR2/MCEW0/SX362.WAV.wav,TRAIN/DR2/MCEW0/SX362.PHN,43,24303,24260
638,TRAIN/DR2/MCEW0/SX452.WAV.wav,TRAIN/DR2/MCEW0/SX452.PHN,47,24350,24303
639,TRAIN/DR2/MCEW0/SX92.WAV.wav,TRAIN/DR2/MCEW0/SX92.PHN,35,24385,24350
640,TRAIN/DR2/MCTM0/SA1.WAV.wav,TRAIN/DR2/MCTM0/SA1.PHN,39,24424,24385
641,TRAIN/DR2/MCTM0/SA2.WAV.wav,TRAIN/DR2/MCTM0/SA2.PHN,33,24457,24424
642,TRAIN/DR2/MCTM0/SI1350.WAV.wav,TRAIN/DR2/MCTM0/SI1350.PHN,56,24513,24457
643,TRAIN/DR2/MCTM0/SI1980.WAV.wav,TRAIN/DR2/MCTM0/SI1980.PHN,50,24563,24513
644,TRAIN/DR2/MCTM0/SI720.WAV.wav,TRAIN/DR2/MCTM0/SI720.PHN,20,24583,24563
645,TRAIN/DR2/MCTM0/SX180.WAV.wav,TRAIN/DR2/MCTM0/SX180.PHN,37,24620,24583
646,TRAIN/DR2/MCTM0/SX270.WAV.wav,TRAIN/DR2/MCTM0/SX270.PHN,33,24653,24620
647,TRAIN/DR2/MCTM0/SX360.WAV.wav,TRAIN/DR2/MCTM0/SX360.PHN,32,24685,24653
648,TRAIN/DR2/MCTM0/SX450.WAV.wav,TRAIN/DR2/MCTM0/SX450.PHN,47,24732,24685
649,TRAIN/DR2/MCTM0/SX90.WAV.wav,TRAIN/DR2/MCTM0/SX90.PHN,28,24760,24732
650,TRAIN/DR2/MDBP0/SA1.WAV.wav,TRAIN/DR2/MDBP0/SA1.PHN,42,24802,24760
651,TRAIN/DR2/MDBP0/SA2.WAV.wav,TRAIN/DR2/MDBP0/SA2.PHN,39,24841,24802
652,TRAIN/DR2/MDBP0/SI1158.WAV.wav,TRAIN/DR2/MDBP0/SI1158.PHN,19,24860,24841
653,TRAIN/DR2/MDBP0/SI1788.WAV.wav,TRAIN/DR2/MDBP0/SI1788.PHN,44,24904,24860
654,TRAIN/DR2/MDBP0/SI528.WAV.wav,TRAIN/DR2/MDBP0/SI528.PHN,66,24970,24904
655,TRAIN/DR2/MDBP0/SX168.WAV.wav,TRAIN/DR2/MDBP0/SX168.PHN,26,24996,24970
656,TRAIN/DR2/MDBP0/SX258.WAV.wav,TRAIN/DR2/MDBP0/SX258.PHN,41,25037,24996
657,TRAIN/DR2/MDBP0/SX348.WAV.wav,TRAIN/DR2/MDBP0/SX348.PHN,48,25085,25037
658,TRAIN/DR2/MDBP0/SX438.WAV.wav,TRAIN/DR2/MDBP0/SX438.PHN,51,25136,25085
659,TRAIN/DR2/MDBP0/SX78.WAV.wav,TRAIN/DR2/MDBP0/SX78.PHN,31,25167,25136
660,TRAIN/DR2/MDEM0/SA1.WAV.wav,TRAIN/DR2/MDEM0/SA1.PHN,39,25206,25167
661,TRAIN/DR2/MDEM0/SA2.WAV.wav,TRAIN/DR2/MDEM0/SA2.PHN,36,25242,25206
662,TRAIN/DR2/MDEM0/SI1868.WAV.wav,TRAIN/DR2/MDEM0/SI1868.PHN,26,25268,25242
663,TRAIN/DR2/MDEM0/SI608.WAV.wav,TRAIN/DR2/MDEM0/SI608.PHN,37,25305,25268
664,TRAIN/DR2/MDEM0/SI800.WAV.wav,TRAIN/DR2/MDEM0/SI800.PHN,65,25370,25305
665,TRAIN/DR2/MDEM0/SX158.WAV.wav,TRAIN/DR2/MDEM0/SX158.PHN,30,25400,25370
666,TRAIN/DR2/MDEM0/SX248.WAV.wav,TRAIN/DR2/MDEM0/SX248.PHN,30,25430,25400
667,TRAIN/DR2/MDEM0/SX338.WAV.wav,TRAIN/DR2/MDEM0/SX338.PHN,39,25469,25430
668,TRAIN/DR2/MDEM0/SX428.WAV.wav,TRAIN/DR2/MDEM0/SX428.PHN,44,25513,25469
669,TRAIN/DR2/MDEM0/SX68.WAV.wav,TRAIN/DR2/MDEM0/SX68.PHN,34,25547,25513
670,TRAIN/DR2/MDLB0/SA1.WAV.wav,TRAIN/DR2/MDLB0/SA1.PHN,39,25586,25547
671,TRAIN/DR2/MDLB0/SA2.WAV.wav,TRAIN/DR2/MDLB0/SA2.PHN,34,25620,25586
672,TRAIN/DR2/MDLB0/SI1306.WAV.wav,TRAIN/DR2/MDLB0/SI1306.PHN,64,25684,25620
673,TRAIN/DR2/MDLB0/SI1936.WAV.wav,TRAIN/DR2/MDLB0/SI1936.PHN,26,25710,25684
674,TRAIN/DR2/MDLB0/SI676.WAV.wav,TRAIN/DR2/MDLB0/SI676.PHN,22,25732,25710
675,TRAIN/DR2/MDLB0/SX136.WAV.wav,TRAIN/DR2/MDLB0/SX136.PHN,55,25787,25732
676,TRAIN/DR2/MDLB0/SX226.WAV.wav,TRAIN/DR2/MDLB0/SX226.PHN,42,25829,25787
677,TRAIN/DR2/MDLB0/SX316.WAV.wav,TRAIN/DR2/MDLB0/SX316.PHN,29,25858,25829
678,TRAIN/DR2/MDLB0/SX406.WAV.wav,TRAIN/DR2/MDLB0/SX406.PHN,51,25909,25858
679,TRAIN/DR2/MDLB0/SX46.WAV.wav,TRAIN/DR2/MDLB0/SX46.PHN,31,25940,25909
680,TRAIN/DR2/MDLC2/SA1.WAV.wav,TRAIN/DR2/MDLC2/SA1.PHN,40,25980,25940
681,TRAIN/DR2/MDLC2/SA2.WAV.wav,TRAIN/DR2/MDLC2/SA2.PHN,34,26014,25980
682,TRAIN/DR2/MDLC2/SI1614.WAV.wav,TRAIN/DR2/MDLC2/SI1614.PHN,20,26034,26014
683,TRAIN/DR2/MDLC2/SI2244.WAV.wav,TRAIN/DR2/MDLC2/SI2244.PHN,20,26054,26034
684,TRAIN/DR2/MDLC2/SI984.WAV.wav,TRAIN/DR2/MDLC2/SI984.PHN,54,26108,26054
685,TRAIN/DR2/MDLC2/SX174.WAV.wav,TRAIN/DR2/MDLC2/SX174.PHN,55,26163,26108
686,TRAIN/DR2/MDLC2/SX264.WAV.wav,TRAIN/DR2/MDLC2/SX264.PHN,28,26191,26163
687,TRAIN/DR2/MDLC2/SX354.WAV.wav,TRAIN/DR2/MDLC2/SX354.PHN,37,26228,26191
688,TRAIN/DR2/MDLC2/SX444.WAV.wav,TRAIN/DR2/MDLC2/SX444.PHN,40,26268,26228
689,TRAIN/DR2/MDLC2/SX84.WAV.wav,TRAIN/DR2/MDLC2/SX84.PHN,50,26318,26268
690,TRAIN/DR2/MDMT0/SA1.WAV.wav,TRAIN/DR2/MDMT0/SA1.PHN,39,26357,26318
691,TRAIN/DR2/MDMT0/SA2.WAV.wav,TRAIN/DR2/MDMT0/SA2.PHN,33,26390,26357
692,TRAIN/DR2/MDMT0/SI1832.WAV.wav,TRAIN/DR2/MDMT0/SI1832.PHN,14,26404,26390
693,TRAIN/DR2/MDMT0/SI2341.WAV.wav,TRAIN/DR2/MDMT0/SI2341.PHN,18,26422,26404
694,TRAIN/DR2/MDMT0/SI572.WAV.wav,TRAIN/DR2/MDMT0/SI572.PHN,50,26472,26422
695,TRAIN/DR2/MDMT0/SX122.WAV.wav,TRAIN/DR2/MDMT0/SX122.PHN,52,26524,26472
696,TRAIN/DR2/MDMT0/SX212.WAV.wav,TRAIN/DR2/MDMT0/SX212.PHN,45,26569,26524
697,TRAIN/DR2/MDMT0/SX302.WAV.wav,TRAIN/DR2/MDMT0/SX302.PHN,29,26598,26569
698,TRAIN/DR2/MDMT0/SX32.WAV.wav,TRAIN/DR2/MDMT0/SX32.PHN,35,26633,26598
699,TRAIN/DR2/MDMT0/SX392.WAV.wav,TRAIN/DR2/MDMT0/SX392.PHN,44,26677,26633
700,TRAIN/DR2/MDPS0/SA1.WAV.wav,TRAIN/DR2/MDPS0/SA1.PHN,43,26720,26677
701,TRAIN/DR2/MDPS0/SA2.WAV.wav,TRAIN/DR2/MDPS0/SA2.PHN,36,26756,26720
702,TRAIN/DR2/MDPS0/SI1651.WAV.wav,TRAIN/DR2/MDPS0/SI1651.PHN,26,26782,26756
703,TRAIN/DR2/MDPS0/SI1979.WAV.wav,TRAIN/DR2/MDPS0/SI1979.PHN,40,26822,26782
704,TRAIN/DR2/MDPS0/SI719.WAV.wav,TRAIN/DR2/MDPS0/SI719.PHN,43,26865,26822
705,TRAIN/DR2/MDPS0/SX179.WAV.wav,TRAIN/DR2/MDPS0/SX179.PHN,38,26903,26865
706,TRAIN/DR2/MDPS0/SX269.WAV.wav,TRAIN/DR2/MDPS0/SX269.PHN,30,26933,26903
707,TRAIN/DR2/MDPS0/SX359.WAV.wav,TRAIN/DR2/MDPS0/SX359.PHN,46,26979,26933
708,TRAIN/DR2/MDPS0/SX449.WAV.wav,TRAIN/DR2/MDPS0/SX449.PHN,47,27026,26979
709,TRAIN/DR2/MDPS0/SX89.WAV.wav,TRAIN/DR2/MDPS0/SX89.PHN,37,27063,27026
710,TRAIN/DR2/MDSS0/SA1.WAV.wav,TRAIN/DR2/MDSS0/SA1.PHN,37,27100,27063
711,TRAIN/DR2/MDSS0/SA2.WAV.wav,TRAIN/DR2/MDSS0/SA2.PHN,33,27133,27100
712,TRAIN/DR2/MDSS0/SI1881.WAV.wav,TRAIN/DR2/MDSS0/SI1881.PHN,26,27159,27133
713,TRAIN/DR2/MDSS0/SI2087.WAV.wav,TRAIN/DR2/MDSS0/SI2087.PHN,23,27182,27159
714,TRAIN/DR2/MDSS0/SI621.WAV.wav,TRAIN/DR2/MDSS0/SI621.PHN,37,27219,27182
715,TRAIN/DR2/MDSS0/SX171.WAV.wav,TRAIN/DR2/MDSS0/SX171.PHN,52,27271,27219
716,TRAIN/DR2/MDSS0/SX261.WAV.wav,TRAIN/DR2/MDSS0/SX261.PHN,23,27294,27271
717,TRAIN/DR2/MDSS0/SX351.WAV.wav,TRAIN/DR2/MDSS0/SX351.PHN,49,27343,27294
718,TRAIN/DR2/MDSS0/SX441.WAV.wav,TRAIN/DR2/MDSS0/SX441.PHN,37,27380,27343
719,TRAIN/DR2/MDSS0/SX81.WAV.wav,TRAIN/DR2/MDSS0/SX81.PHN,35,27415,27380
720,TRAIN/DR2/MDWD0/SA1.WAV.wav,TRAIN/DR2/MDWD0/SA1.PHN,39,27454,27415
721,TRAIN/DR2/MDWD0/SA2.WAV.wav,TRAIN/DR2/MDWD0/SA2.PHN,33,27487,27454
722,TRAIN/DR2/MDWD0/SI1260.WAV.wav,TRAIN/DR2/MDWD0/SI1260.PHN,65,27552,27487
723,TRAIN/DR2/MDWD0/SI1890.WAV.wav,TRAIN/DR2/MDWD0/SI1890.PHN,46,27598,27552
724,TRAIN/DR2/MDWD0/SI557.WAV.wav,TRAIN/DR2/MDWD0/SI557.PHN,18,27616,27598
725,TRAIN/DR2/MDWD0/SX180.WAV.wav,TRAIN/DR2/MDWD0/SX180.PHN,32,27648,27616
726,TRAIN/DR2/MDWD0/SX270.WAV.wav,TRAIN/DR2/MDWD0/SX270.PHN,33,27681,27648
727,TRAIN/DR2/MDWD0/SX360.WAV.wav,TRAIN/DR2/MDWD0/SX360.PHN,33,27714,27681
728,TRAIN/DR2/MDWD0/SX450.WAV.wav,TRAIN/DR2/MDWD0/SX450.PHN,44,27758,27714
729,TRAIN/DR2/MDWD0/SX90.WAV.wav,TRAIN/DR2/MDWD0/SX90.PHN,25,27783,27758
730,TRAIN/DR2/MEFG0/SA1.WAV.wav,TRAIN/DR2/MEFG0/SA1.PHN,37,27820,27783
731,TRAIN/DR2/MEFG0/SA2.WAV.wav,TRAIN/DR2/MEFG0/SA2.PHN,33,27853,27820
732,TRAIN/DR2/MEFG0/SI465.WAV.wav,TRAIN/DR2/MEFG0/SI465.PHN,33,27886,27853
733,TRAIN/DR2/MEFG0/SI491.WAV.wav,TRAIN/DR2/MEFG0/SI491.PHN,57,27943,27886
734,TRAIN/DR2/MEFG0/SI598.WAV.wav,TRAIN/DR2/MEFG0/SI598.PHN,51,27994,27943
735,TRAIN/DR2/MEFG0/SX105.WAV.wav,TRAIN/DR2/MEFG0/SX105.PHN,30,28024,27994
736,TRAIN/DR2/MEFG0/SX15.WAV.wav,TRAIN/DR2/MEFG0/SX15.PHN,32,28056,28024
737,TRAIN/DR2/MEFG0/SX195.WAV.wav,TRAIN/DR2/MEFG0/SX195.PHN,24,28080,28056
738,TRAIN/DR2/MEFG0/SX285.WAV.wav,TRAIN/DR2/MEFG0/SX285.PHN,29,28109,28080
739,TRAIN/DR2/MEFG0/SX375.WAV.wav,TRAIN/DR2/MEFG0/SX375.PHN,44,28153,28109
740,TRAIN/DR2/MHRM0/SA1.WAV.wav,TRAIN/DR2/MHRM0/SA1.PHN,39,28192,28153
741,TRAIN/DR2/MHRM0/SA2.WAV.wav,TRAIN/DR2/MHRM0/SA2.PHN,33,28225,28192
742,TRAIN/DR2/MHRM0/SI1475.WAV.wav,TRAIN/DR2/MHRM0/SI1475.PHN,26,28251,28225
743,TRAIN/DR2/MHRM0/SI2218.WAV.wav,TRAIN/DR2/MHRM0/SI2218.PHN,38,28289,28251
744,TRAIN/DR2/MHRM0/SI958.WAV.wav,TRAIN/DR2/MHRM0/SI958.PHN,45,28334,28289
745,TRAIN/DR2/MHRM0/SX148.WAV.wav,TRAIN/DR2/MHRM0/SX148.PHN,37,28371,28334
746,TRAIN/DR2/MHRM0/SX238.WAV.wav,TRAIN/DR2/MHRM0/SX238.PHN,39,28410,28371
747,TRAIN/DR2/MHRM0/SX328.WAV.wav,TRAIN/DR2/MHRM0/SX328.PHN,47,28457,28410
748,TRAIN/DR2/MHRM0/SX418.WAV.wav,TRAIN/DR2/MHRM0/SX418.PHN,39,28496,28457
749,TRAIN/DR2/MHRM0/SX58.WAV.wav,TRAIN/DR2/MHRM0/SX58.PHN,51,28547,28496
750,TRAIN/DR2/MJAE0/SA1.WAV.wav,TRAIN/DR2/MJAE0/SA1.PHN,38,28585,28547
751,TRAIN/DR2/MJAE0/SA2.WAV.wav,TRAIN/DR2/MJAE0/SA2.PHN,32,28617,28585
752,TRAIN/DR2/MJAE0/SI1524.WAV.wav,TRAIN/DR2/MJAE0/SI1524.PHN,39,28656,28617
753,TRAIN/DR2/MJAE0/SI1999.WAV.wav,TRAIN/DR2/MJAE0/SI1999.PHN,18,28674,28656
754,TRAIN/DR2/MJAE0/SI2154.WAV.wav,TRAIN/DR2/MJAE0/SI2154.PHN,32,28706,28674
755,TRAIN/DR2/MJAE0/SX174.WAV.wav,TRAIN/DR2/MJAE0/SX174.PHN,48,28754,28706
756,TRAIN/DR2/MJAE0/SX264.WAV.wav,TRAIN/DR2/MJAE0/SX264.PHN,29,28783,28754
757,TRAIN/DR2/MJAE0/SX354.WAV.wav,TRAIN/DR2/MJAE0/SX354.PHN,36,28819,28783
758,TRAIN/DR2/MJAE0/SX444.WAV.wav,TRAIN/DR2/MJAE0/SX444.PHN,37,28856,28819
759,TRAIN/DR2/MJAE0/SX84.WAV.wav,TRAIN/DR2/MJAE0/SX84.PHN,45,28901,28856
760,TRAIN/DR2/MJBG0/SA1.WAV.wav,TRAIN/DR2/MJBG0/SA1.PHN,42,28943,28901
761,TRAIN/DR2/MJBG0/SA2.WAV.wav,TRAIN/DR2/MJBG0/SA2.PHN,37,28980,28943
762,TRAIN/DR2/MJBG0/SI1232.WAV.wav,TRAIN/DR2/MJBG0/SI1232.PHN,45,29025,28980
763,TRAIN/DR2/MJBG0/SI1724.WAV.wav,TRAIN/DR2/MJBG0/SI1724.PHN,15,29040,29025
764,TRAIN/DR2/MJBG0/SI1862.WAV.wav,TRAIN/DR2/MJBG0/SI1862.PHN,25,29065,29040
765,TRAIN/DR2/MJBG0/SX152.WAV.wav,TRAIN/DR2/MJBG0/SX152.PHN,43,29108,29065
766,TRAIN/DR2/MJBG0/SX242.WAV.wav,TRAIN/DR2/MJBG0/SX242.PHN,39,29147,29108
767,TRAIN/DR2/MJBG0/SX332.WAV.wav,TRAIN/DR2/MJBG0/SX332.PHN,46,29193,29147
768,TRAIN/DR2/MJBG0/SX422.WAV.wav,TRAIN/DR2/MJBG0/SX422.PHN,41,29234,29193
769,TRAIN/DR2/MJBG0/SX62.WAV.wav,TRAIN/DR2/MJBG0/SX62.PHN,45,29279,29234
770,TRAIN/DR2/MJDE0/SA1.WAV.wav,TRAIN/DR2/MJDE0/SA1.PHN,42,29321,29279
771,TRAIN/DR2/MJDE0/SA2.WAV.wav,TRAIN/DR2/MJDE0/SA2.PHN,36,29357,29321
772,TRAIN/DR2/MJDE0/SI1120.WAV.wav,TRAIN/DR2/MJDE0/SI1120.PHN,67,29424,29357
773,TRAIN/DR2/MJDE0/SI463.WAV.wav,TRAIN/DR2/MJDE0/SI463.PHN,20,29444,29424
774,TRAIN/DR2/MJDE0/SI490.WAV.wav,TRAIN/DR2/MJDE0/SI490.PHN,70,29514,29444
775,TRAIN/DR2/MJDE0/SX130.WAV.wav,TRAIN/DR2/MJDE0/SX130.PHN,36,29550,29514
776,TRAIN/DR2/MJDE0/SX220.WAV.wav,TRAIN/DR2/MJDE0/SX220.PHN,51,29601,29550
777,TRAIN/DR2/MJDE0/SX310.WAV.wav,TRAIN/DR2/MJDE0/SX310.PHN,39,29640,29601
778,TRAIN/DR2/MJDE0/SX40.WAV.wav,TRAIN/DR2/MJDE0/SX40.PHN,48,29688,29640
779,TRAIN/DR2/MJDE0/SX400.WAV.wav,TRAIN/DR2/MJDE0/SX400.PHN,42,29730,29688
780,TRAIN/DR2/MJEB0/SA1.WAV.wav,TRAIN/DR2/MJEB0/SA1.PHN,40,29770,29730
781,TRAIN/DR2/MJEB0/SA2.WAV.wav,TRAIN/DR2/MJEB0/SA2.PHN,32,29802,29770
782,TRAIN/DR2/MJEB0/SI1286.WAV.wav,TRAIN/DR2/MJEB0/SI1286.PHN,48,29850,29802
783,TRAIN/DR2/MJEB0/SI1916.WAV.wav,TRAIN/DR2/MJEB0/SI1916.PHN,38,29888,29850
784,TRAIN/DR2/MJEB0/SI656.WAV.wav,TRAIN/DR2/MJEB0/SI656.PHN,41,29929,29888
785,TRAIN/DR2/MJEB0/SX170.WAV.wav,TRAIN/DR2/MJEB0/SX170.PHN,55,29984,29929
786,TRAIN/DR2/MJEB0/SX206.WAV.wav,TRAIN/DR2/MJEB0/SX206.PHN,41,30025,29984
787,TRAIN/DR2/MJEB0/SX26.WAV.wav,TRAIN/DR2/MJEB0/SX26.PHN,26,30051,30025
788,TRAIN/DR2/MJEB0/SX296.WAV.wav,TRAIN/DR2/MJEB0/SX296.PHN,34,30085,30051
789,TRAIN/DR2/MJEB0/SX386.WAV.wav,TRAIN/DR2/MJEB0/SX386.PHN,31,30116,30085
790,TRAIN/DR2/MJHI0/SA1.WAV.wav,TRAIN/DR2/MJHI0/SA1.PHN,37,30153,30116
791,TRAIN/DR2/MJHI0/SA2.WAV.wav,TRAIN/DR2/MJHI0/SA2.PHN,29,30182,30153
792,TRAIN/DR2/MJHI0/SI1328.WAV.wav,TRAIN/DR2/MJHI0/SI1328.PHN,64,30246,30182
793,TRAIN/DR2/MJHI0/SI555.WAV.wav,TRAIN/DR2/MJHI0/SI555.PHN,30,30276,30246
794,TRAIN/DR2/MJHI0/SI698.WAV.wav,TRAIN/DR2/MJHI0/SI698.PHN,44,30320,30276
795,TRAIN/DR2/MJHI0/SX158.WAV.wav,TRAIN/DR2/MJHI0/SX158.PHN,29,30349,30320
796,TRAIN/DR2/MJHI0/SX248.WAV.wav,TRAIN/DR2/MJHI0/SX248.PHN,28,30377,30349
797,TRAIN/DR2/MJHI0/SX338.WAV.wav,TRAIN/DR2/MJHI0/SX338.PHN,35,30412,30377
798,TRAIN/DR2/MJHI0/SX428.WAV.wav,TRAIN/DR2/MJHI0/SX428.PHN,46,30458,30412
799,TRAIN/DR2/MJHI0/SX68.WAV.wav,TRAIN/DR2/MJHI0/SX68.PHN,35,30493,30458
800,TRAIN/DR2/MJMA0/SA1.WAV.wav,TRAIN/DR2/MJMA0/SA1.PHN,41,30534,30493
801,TRAIN/DR2/MJMA0/SA2.WAV.wav,TRAIN/DR2/MJMA0/SA2.PHN,33,30567,30534
802,TRAIN/DR2/MJMA0/SI1495.WAV.wav,TRAIN/DR2/MJMA0/SI1495.PHN,38,30605,30567
803,TRAIN/DR2/MJMA0/SI2125.WAV.wav,TRAIN/DR2/MJMA0/SI2125.PHN,53,30658,30605
804,TRAIN/DR2/MJMA0/SI865.WAV.wav,TRAIN/DR2/MJMA0/SI865.PHN,48,30706,30658
805,TRAIN/DR2/MJMA0/SX145.WAV.wav,TRAIN/DR2/MJMA0/SX145.PHN,40,30746,30706
806,TRAIN/DR2/MJMA0/SX235.WAV.wav,TRAIN/DR2/MJMA0/SX235.PHN,31,30777,30746
807,TRAIN/DR2/MJMA0/SX325.WAV.wav,TRAIN/DR2/MJMA0/SX325.PHN,26,30803,30777
808,TRAIN/DR2/MJMA0/SX415.WAV.wav,TRAIN/DR2/MJMA0/SX415.PHN,36,30839,30803
809,TRAIN/DR2/MJMA0/SX55.WAV.wav,TRAIN/DR2/MJMA0/SX55.PHN,45,30884,30839
810,TRAIN/DR2/MJMD0/SA1.WAV.wav,TRAIN/DR2/MJMD0/SA1.PHN,41,30925,30884
811,TRAIN/DR2/MJMD0/SA2.WAV.wav,TRAIN/DR2/MJMD0/SA2.PHN,33,30958,30925
812,TRAIN/DR2/MJMD0/SI1028.WAV.wav,TRAIN/DR2/MJMD0/SI1028.PHN,26,30984,30958
813,TRAIN/DR2/MJMD0/SI1658.WAV.wav,TRAIN/DR2/MJMD0/SI1658.PHN,10,30994,30984
814,TRAIN/DR2/MJMD0/SI2288.WAV.wav,TRAIN/DR2/MJMD0/SI2288.PHN,65,31059,30994
815,TRAIN/DR2/MJMD0/SX128.WAV.wav,TRAIN/DR2/MJMD0/SX128.PHN,30,31089,31059
816,TRAIN/DR2/MJMD0/SX218.WAV.wav,TRAIN/DR2/MJMD0/SX218.PHN,42,31131,31089
817,TRAIN/DR2/MJMD0/SX308.WAV.wav,TRAIN/DR2/MJMD0/SX308.PHN,34,31165,31131
818,TRAIN/DR2/MJMD0/SX38.WAV.wav,TRAIN/DR2/MJMD0/SX38.PHN,45,31210,31165
819,TRAIN/DR2/MJMD0/SX398.WAV.wav,TRAIN/DR2/MJMD0/SX398.PHN,43,31253,31210
820,TRAIN/DR2/MJPM0/SA1.WAV.wav,TRAIN/DR2/MJPM0/SA1.PHN,39,31292,31253
821,TRAIN/DR2/MJPM0/SA2.WAV.wav,TRAIN/DR2/MJPM0/SA2.PHN,34,31326,31292
822,TRAIN/DR2/MJPM0/SI1368.WAV.wav,TRAIN/DR2/MJPM0/SI1368.PHN,57,31383,31326
823,TRAIN/DR2/MJPM0/SI1998.WAV.wav,TRAIN/DR2/MJPM0/SI1998.PHN,48,31431,31383
824,TRAIN/DR2/MJPM0/SI738.WAV.wav,TRAIN/DR2/MJPM0/SI738.PHN,35,31466,31431
825,TRAIN/DR2/MJPM0/SX108.WAV.wav,TRAIN/DR2/MJPM0/SX108.PHN,36,31502,31466
826,TRAIN/DR2/MJPM0/SX18.WAV.wav,TRAIN/DR2/MJPM0/SX18.PHN,34,31536,31502
827,TRAIN/DR2/MJPM0/SX198.WAV.wav,TRAIN/DR2/MJPM0/SX198.PHN,29,31565,31536
828,TRAIN/DR2/MJPM0/SX288.WAV.wav,TRAIN/DR2/MJPM0/SX288.PHN,44,31609,31565
829,TRAIN/DR2/MJPM0/SX378.WAV.wav,TRAIN/DR2/MJPM0/SX378.PHN,39,31648,31609
830,TRAIN/DR2/MJRP0/SA1.WAV.wav,TRAIN/DR2/MJRP0/SA1.PHN,41,31689,31648
831,TRAIN/DR2/MJRP0/SA2.WAV.wav,TRAIN/DR2/MJRP0/SA2.PHN,33,31722,31689
832,TRAIN/DR2/MJRP0/SI1835.WAV.wav,TRAIN/DR2/MJRP0/SI1835.PHN,14,31736,31722
833,TRAIN/DR2/MJRP0/SI1845.WAV.wav,TRAIN/DR2/MJRP0/SI1845.PHN,62,31798,31736
834,TRAIN/DR2/MJRP0/SI585.WAV.wav,TRAIN/DR2/MJRP0/SI585.PHN,41,31839,31798
835,TRAIN/DR2/MJRP0/SX135.WAV.wav,TRAIN/DR2/MJRP0/SX135.PHN,46,31885,31839
836,TRAIN/DR2/MJRP0/SX225.WAV.wav,TRAIN/DR2/MJRP0/SX225.PHN,26,31911,31885
837,TRAIN/DR2/MJRP0/SX315.WAV.wav,TRAIN/DR2/MJRP0/SX315.PHN,28,31939,31911
838,TRAIN/DR2/MJRP0/SX405.WAV.wav,TRAIN/DR2/MJRP0/SX405.PHN,37,31976,31939
839,TRAIN/DR2/MJRP0/SX45.WAV.wav,TRAIN/DR2/MJRP0/SX45.PHN,36,32012,31976
840,TRAIN/DR2/MKAH0/SA1.WAV.wav,TRAIN/DR2/MKAH0/SA1.PHN,40,32052,32012
841,TRAIN/DR2/MKAH0/SA2.WAV.wav,TRAIN/DR2/MKAH0/SA2.PHN,33,32085,32052
842,TRAIN/DR2/MKAH0/SI1528.WAV.wav,TRAIN/DR2/MKAH0/SI1528.PHN,36,32121,32085
843,TRAIN/DR2/MKAH0/SI2158.WAV.wav,TRAIN/DR2/MKAH0/SI2158.PHN,35,32156,32121
844,TRAIN/DR2/MKAH0/SI898.WAV.wav,TRAIN/DR2/MKAH0/SI898.PHN,34,32190,32156
845,TRAIN/DR2/MKAH0/SX178.WAV.wav,TRAIN/DR2/MKAH0/SX178.PHN,51,32241,32190
846,TRAIN/DR2/MKAH0/SX268.WAV.wav,TRAIN/DR2/MKAH0/SX268.PHN,44,32285,32241
847,TRAIN/DR2/MKAH0/SX358.WAV.wav,TRAIN/DR2/MKAH0/SX358.PHN,29,32314,32285
848,TRAIN/DR2/MKAH0/SX448.WAV.wav,TRAIN/DR2/MKAH0/SX448.PHN,32,32346,32314
849,TRAIN/DR2/MKAH0/SX88.WAV.wav,TRAIN/DR2/MKAH0/SX88.PHN,49,32395,32346
850,TRAIN/DR2/MKAJ0/SA1.WAV.wav,TRAIN/DR2/MKAJ0/SA1.PHN,39,32434,32395
851,TRAIN/DR2/MKAJ0/SA2.WAV.wav,TRAIN/DR2/MKAJ0/SA2.PHN,35,32469,32434
852,TRAIN/DR2/MKAJ0/SI1414.WAV.wav,TRAIN/DR2/MKAJ0/SI1414.PHN,30,32499,32469
853,TRAIN/DR2/MKAJ0/SI2044.WAV.wav,TRAIN/DR2/MKAJ0/SI2044.PHN,49,32548,32499
854,TRAIN/DR2/MKAJ0/SI784.WAV.wav,TRAIN/DR2/MKAJ0/SI784.PHN,42,32590,32548
855,TRAIN/DR2/MKAJ0/SX154.WAV.wav,TRAIN/DR2/MKAJ0/SX154.PHN,32,32622,32590
856,TRAIN/DR2/MKAJ0/SX244.WAV.wav,TRAIN/DR2/MKAJ0/SX244.PHN,40,32662,32622
857,TRAIN/DR2/MKAJ0/SX334.WAV.wav,TRAIN/DR2/MKAJ0/SX334.PHN,30,32692,32662
858,TRAIN/DR2/MKAJ0/SX424.WAV.wav,TRAIN/DR2/MKAJ0/SX424.PHN,34,32726,32692
859,TRAIN/DR2/MKAJ0/SX64.WAV.wav,TRAIN/DR2/MKAJ0/SX64.PHN,36,32762,32726
860,TRAIN/DR2/MKDT0/SA1.WAV.wav,TRAIN/DR2/MKDT0/SA1.PHN,40,32802,32762
861,TRAIN/DR2/MKDT0/SA2.WAV.wav,TRAIN/DR2/MKDT0/SA2.PHN,35,32837,32802
862,TRAIN/DR2/MKDT0/SI2153.WAV.wav,TRAIN/DR2/MKDT0/SI2153.PHN,31,32868,32837
863,TRAIN/DR2/MKDT0/SI814.WAV.wav,TRAIN/DR2/MKDT0/SI814.PHN,61,32929,32868
864,TRAIN/DR2/MKDT0/SI893.WAV.wav,TRAIN/DR2/MKDT0/SI893.PHN,35,32964,32929
865,TRAIN/DR2/MKDT0/SX173.WAV.wav,TRAIN/DR2/MKDT0/SX173.PHN,51,33015,32964
866,TRAIN/DR2/MKDT0/SX263.WAV.wav,TRAIN/DR2/MKDT0/SX263.PHN,28,33043,33015
867,TRAIN/DR2/MKDT0/SX353.WAV.wav,TRAIN/DR2/MKDT0/SX353.PHN,32,33075,33043
868,TRAIN/DR2/MKDT0/SX443.WAV.wav,TRAIN/DR2/MKDT0/SX443.PHN,33,33108,33075
869,TRAIN/DR2/MKDT0/SX83.WAV.wav,TRAIN/DR2/MKDT0/SX83.PHN,37,33145,33108
870,TRAIN/DR2/MKJO0/SA1.WAV.wav,TRAIN/DR2/MKJO0/SA1.PHN,39,33184,33145
871,TRAIN/DR2/MKJO0/SA2.WAV.wav,TRAIN/DR2/MKJO0/SA2.PHN,34,33218,33184
872,TRAIN/DR2/MKJO0/SI1517.WAV.wav,TRAIN/DR2/MKJO0/SI1517.PHN,42,33260,33218
873,TRAIN/DR2/MKJO0/SI2147.WAV.wav,TRAIN/DR2/MKJO0/SI2147.PHN,35,33295,33260
874,TRAIN/DR2/MKJO0/SI887.WAV.wav,TRAIN/DR2/MKJO0/SI887.PHN,37,33332,33295
875,TRAIN/DR2/MKJO0/SX167.WAV.wav,TRAIN/DR2/MKJO0/SX167.PHN,56,33388,33332
876,TRAIN/DR2/MKJO0/SX257.WAV.wav,TRAIN/DR2/MKJO0/SX257.PHN,29,33417,33388
877,TRAIN/DR2/MKJO0/SX424.WAV.wav,TRAIN/DR2/MKJO0/SX424.PHN,35,33452,33417
878,TRAIN/DR2/MKJO0/SX437.WAV.wav,TRAIN/DR2/MKJO0/SX437.PHN,50,33502,33452
879,TRAIN/DR2/MKJO0/SX77.WAV.wav,TRAIN/DR2/MKJO0/SX77.PHN,42,33544,33502
880,TRAIN/DR2/MMAA0/SA1.WAV.wav,TRAIN/DR2/MMAA0/SA1.PHN,38,33582,33544
881,TRAIN/DR2/MMAA0/SA2.WAV.wav,TRAIN/DR2/MMAA0/SA2.PHN,32,33614,33582
882,TRAIN/DR2/MMAA0/SI1588.WAV.wav,TRAIN/DR2/MMAA0/SI1588.PHN,52,33666,33614
883,TRAIN/DR2/MMAA0/SI2105.WAV.wav,TRAIN/DR2/MMAA0/SI2105.PHN,25,33691,33666
884,TRAIN/DR2/MMAA0/SI845.WAV.wav,TRAIN/DR2/MMAA0/SI845.PHN,68,33759,33691
885,TRAIN/DR2/MMAA0/SX125.WAV.wav,TRAIN/DR2/MMAA0/SX125.PHN,30,33789,33759
886,TRAIN/DR2/MMAA0/SX215.WAV.wav,TRAIN/DR2/MMAA0/SX215.PHN,37,33826,33789
887,TRAIN/DR2/MMAA0/SX305.WAV.wav,TRAIN/DR2/MMAA0/SX305.PHN,28,33854,33826
888,TRAIN/DR2/MMAA0/SX35.WAV.wav,TRAIN/DR2/MMAA0/SX35.PHN,30,33884,33854
889,TRAIN/DR2/MMAA0/SX395.WAV.wav,TRAIN/DR2/MMAA0/SX395.PHN,40,33924,33884
890,TRAIN/DR2/MMAG0/SA1.WAV.wav,TRAIN/DR2/MMAG0/SA1.PHN,41,33965,33924
891,TRAIN/DR2/MMAG0/SA2.WAV.wav,TRAIN/DR2/MMAG0/SA2.PHN,35,34000,33965
892,TRAIN/DR2/MMAG0/SI1126.WAV.wav,TRAIN/DR2/MMAG0/SI1126.PHN,34,34034,34000
893,TRAIN/DR2/MMAG0/SI1756.WAV.wav,TRAIN/DR2/MMAG0/SI1756.PHN,50,34084,34034
894,TRAIN/DR2/MMAG0/SI496.WAV.wav,TRAIN/DR2/MMAG0/SI496.PHN,37,34121,34084
895,TRAIN/DR2/MMAG0/SX136.WAV.wav,TRAIN/DR2/MMAG0/SX136.PHN,54,34175,34121
896,TRAIN/DR2/MMAG0/SX226.WAV.wav,TRAIN/DR2/MMAG0/SX226.PHN,42,34217,34175
897,TRAIN/DR2/MMAG0/SX316.WAV.wav,TRAIN/DR2/MMAG0/SX316.PHN,29,34246,34217
898,TRAIN/DR2/MMAG0/SX406.WAV.wav,TRAIN/DR2/MMAG0/SX406.PHN,51,34297,34246
899,TRAIN/DR2/MMAG0/SX46.WAV.wav,TRAIN/DR2/MMAG0/SX46.PHN,32,34329,34297
900,TRAIN/DR2/MMDS0/SA1.WAV.wav,TRAIN/DR2/MMDS0/SA1.PHN,41,34370,34329
901,TRAIN/DR2/MMDS0/SA2.WAV.wav,TRAIN/DR2/MMDS0/SA2.PHN,34,34404,34370
902,TRAIN/DR2/MMDS0/SI1343.WAV.wav,TRAIN/DR2/MMDS0/SI1343.PHN,53,34457,34404
903,TRAIN/DR2/MMDS0/SI1973.WAV.wav,TRAIN/DR2/MMDS0/SI1973.PHN,20,34477,34457
904,TRAIN/DR2/MMDS0/SI713.WAV.wav,TRAIN/DR2/MMDS0/SI713.PHN,32,34509,34477
905,TRAIN/DR2/MMDS0/SX173.WAV.wav,TRAIN/DR2/MMDS0/SX173.PHN,48,34557,34509
906,TRAIN/DR2/MMDS0/SX263.WAV.wav,TRAIN/DR2/MMDS0/SX263.PHN,29,34586,34557
907,TRAIN/DR2/MMDS0/SX353.WAV.wav,TRAIN/DR2/MMDS0/SX353.PHN,32,34618,34586
908,TRAIN/DR2/MMDS0/SX443.WAV.wav,TRAIN/DR2/MMDS0/SX443.PHN,32,34650,34618
909,TRAIN/DR2/MMDS0/SX83.WAV.wav,TRAIN/DR2/MMDS0/SX83.PHN,36,34686,34650
910,TRAIN/DR2/MMGK0/SA1.WAV.wav,TRAIN/DR2/MMGK0/SA1.PHN,38,34724,34686
911,TRAIN/DR2/MMGK0/SA2.WAV.wav,TRAIN/DR2/MMGK0/SA2.PHN,32,34756,34724
912,TRAIN/DR2/MMGK0/SI1322.WAV.wav,TRAIN/DR2/MMGK0/SI1322.PHN,59,34815,34756
913,TRAIN/DR2/MMGK0/SI1952.WAV.wav,TRAIN/DR2/MMGK0/SI1952.PHN,17,34832,34815
914,TRAIN/DR2/MMGK0/SI692.WAV.wav,TRAIN/DR2/MMGK0/SI692.PHN,26,34858,34832
915,TRAIN/DR2/MMGK0/SX152.WAV.wav,TRAIN/DR2/MMGK0/SX152.PHN,37,34895,34858
916,TRAIN/DR2/MMGK0/SX242.WAV.wav,TRAIN/DR2/MMGK0/SX242.PHN,35,34930,34895
917,TRAIN/DR2/MMGK0/SX332.WAV.wav,TRAIN/DR2/MMGK0/SX332.PHN,40,34970,34930
918,TRAIN/DR2/MMGK0/SX422.WAV.wav,TRAIN/DR2/MMGK0/SX422.PHN,39,35009,34970
919,TRAIN/DR2/MMGK0/SX62.WAV.wav,TRAIN/DR2/MMGK0/SX62.PHN,41,35050,35009
920,TRAIN/DR2/MMXS0/SA1.WAV.wav,TRAIN/DR2/MMXS0/SA1.PHN,42,35092,35050
921,TRAIN/DR2/MMXS0/SA2.WAV.wav,TRAIN/DR2/MMXS0/SA2.PHN,36,35128,35092
922,TRAIN/DR2/MMXS0/SI2136.WAV.wav,TRAIN/DR2/MMXS0/SI2136.PHN,35,35163,35128
923,TRAIN/DR2/MMXS0/SI629.WAV.wav,TRAIN/DR2/MMXS0/SI629.PHN,62,35225,35163
924,TRAIN/DR2/MMXS0/SI876.WAV.wav,TRAIN/DR2/MMXS0/SI876.PHN,27,35252,35225
925,TRAIN/DR2/MMXS0/SX156.WAV.wav,TRAIN/DR2/MMXS0/SX156.PHN,46,35298,35252
926,TRAIN/DR2/MMXS0/SX246.WAV.wav,TRAIN/DR2/MMXS0/SX246.PHN,32,35330,35298
927,TRAIN/DR2/MMXS0/SX336.WAV.wav,TRAIN/DR2/MMXS0/SX336.PHN,54,35384,35330
928,TRAIN/DR2/MMXS0/SX426.WAV.wav,TRAIN/DR2/MMXS0/SX426.PHN,38,35422,35384
929,TRAIN/DR2/MMXS0/SX66.WAV.wav,TRAIN/DR2/MMXS0/SX66.PHN,39,35461,35422
930,TRAIN/DR2/MPPC0/SA1.WAV.wav,TRAIN/DR2/MPPC0/SA1.PHN,38,35499,35461
931,TRAIN/DR2/MPPC0/SA2.WAV.wav,TRAIN/DR2/MPPC0/SA2.PHN,32,35531,35499
932,TRAIN/DR2/MPPC0/SI1412.WAV.wav,TRAIN/DR2/MPPC0/SI1412.PHN,66,35597,35531
933,TRAIN/DR2/MPPC0/SI2042.WAV.wav,TRAIN/DR2/MPPC0/SI2042.PHN,22,35619,35597
934,TRAIN/DR2/MPPC0/SI782.WAV.wav,TRAIN/DR2/MPPC0/SI782.PHN,44,35663,35619
935,TRAIN/DR2/MPPC0/SX152.WAV.wav,TRAIN/DR2/MPPC0/SX152.PHN,40,35703,35663
936,TRAIN/DR2/MPPC0/SX242.WAV.wav,TRAIN/DR2/MPPC0/SX242.PHN,36,35739,35703
937,TRAIN/DR2/MPPC0/SX332.WAV.wav,TRAIN/DR2/MPPC0/SX332.PHN,42,35781,35739
938,TRAIN/DR2/MPPC0/SX422.WAV.wav,TRAIN/DR2/MPPC0/SX422.PHN,40,35821,35781
939,TRAIN/DR2/MPPC0/SX62.WAV.wav,TRAIN/DR2/MPPC0/SX62.PHN,44,35865,35821
940,TRAIN/DR2/MPRB0/SA1.WAV.wav,TRAIN/DR2/MPRB0/SA1.PHN,41,35906,35865
941,TRAIN/DR2/MPRB0/SA2.WAV.wav,TRAIN/DR2/MPRB0/SA2.PHN,35,35941,35906
942,TRAIN/DR2/MPRB0/SI1205.WAV.wav,TRAIN/DR2/MPRB0/SI1205.PHN,32,35973,35941
943,TRAIN/DR2/MPRB0/SI1215.WAV.wav,TRAIN/DR2/MPRB0/SI1215.PHN,56,36029,35973
944,TRAIN/DR2/MPRB0/SI575.WAV.wav,TRAIN/DR2/MPRB0/SI575.PHN,58,36087,36029
945,TRAIN/DR2/MPRB0/SX125.WAV.wav,TRAIN/DR2/MPRB0/SX125.PHN,28,36115,36087
946,TRAIN/DR2/MPRB0/SX215.WAV.wav,TRAIN/DR2/MPRB0/SX215.PHN,42,36157,36115
947,TRAIN/DR2/MPRB0/SX305.WAV.wav,TRAIN/DR2/MPRB0/SX305.PHN,30,36187,36157
948,TRAIN/DR2/MPRB0/SX35.WAV.wav,TRAIN/DR2/MPRB0/SX35.PHN,30,36217,36187
949,TRAIN/DR2/MPRB0/SX395.WAV.wav,TRAIN/DR2/MPRB0/SX395.PHN,41,36258,36217
950,TRAIN/DR2/MRAB0/SA1.WAV.wav,TRAIN/DR2/MRAB0/SA1.PHN,42,36300,36258
951,TRAIN/DR2/MRAB0/SA2.WAV.wav,TRAIN/DR2/MRAB0/SA2.PHN,33,36333,36300
952,TRAIN/DR2/MRAB0/SI1224.WAV.wav,TRAIN/DR2/MRAB0/SI1224.PHN,27,36360,36333
953,TRAIN/DR2/MRAB0/SI1854.WAV.wav,TRAIN/DR2/MRAB0/SI1854.PHN,54,36414,36360
954,TRAIN/DR2/MRAB0/SI594.WAV.wav,TRAIN/DR2/MRAB0/SI594.PHN,23,36437,36414
955,TRAIN/DR2/MRAB0/SX144.WAV.wav,TRAIN/DR2/MRAB0/SX144.PHN,32,36469,36437
956,TRAIN/DR2/MRAB0/SX234.WAV.wav,TRAIN/DR2/MRAB0/SX234.PHN,32,36501,36469
957,TRAIN/DR2/MRAB0/SX324.WAV.wav,TRAIN/DR2/MRAB0/SX324.PHN,64,36565,36501
958,TRAIN/DR2/MRAB0/SX414.WAV.wav,TRAIN/DR2/MRAB0/SX414.PHN,43,36608,36565
959,TRAIN/DR2/MRAB0/SX54.WAV.wav,TRAIN/DR2/MRAB0/SX54.PHN,47,36655,36608
960,TRAIN/DR2/MRCW0/SA1.WAV.wav,TRAIN/DR2/MRCW0/SA1.PHN,40,36695,36655
961,TRAIN/DR2/MRCW0/SA2.WAV.wav,TRAIN/DR2/MRCW0/SA2.PHN,34,36729,36695
962,TRAIN/DR2/MRCW0/SI1371.WAV.wav,TRAIN/DR2/MRCW0/SI1371.PHN,35,36764,36729
963,TRAIN/DR2/MRCW0/SI2001.WAV.wav,TRAIN/DR2/MRCW0/SI2001.PHN,41,36805,36764
964,TRAIN/DR2/MRCW0/SI741.WAV.wav,TRAIN/DR2/MRCW0/SI741.PHN,62,36867,36805
965,TRAIN/DR2/MRCW0/SX111.WAV.wav,TRAIN/DR2/MRCW0/SX111.PHN,29,36896,36867
966,TRAIN/DR2/MRCW0/SX201.WAV.wav,TRAIN/DR2/MRCW0/SX201.PHN,36,36932,36896
967,TRAIN/DR2/MRCW0/SX21.WAV.wav,TRAIN/DR2/MRCW0/SX21.PHN,21,36953,36932
968,TRAIN/DR2/MRCW0/SX291.WAV.wav,TRAIN/DR2/MRCW0/SX291.PHN,33,36986,36953
969,TRAIN/DR2/MRCW0/SX381.WAV.wav,TRAIN/DR2/MRCW0/SX381.PHN,29,37015,36986
970,TRAIN/DR2/MRFK0/SA1.WAV.wav,TRAIN/DR2/MRFK0/SA1.PHN,38,37053,37015
971,TRAIN/DR2/MRFK0/SA2.WAV.wav,TRAIN/DR2/MRFK0/SA2.PHN,32,37085,37053
972,TRAIN/DR2/MRFK0/SI1076.WAV.wav,TRAIN/DR2/MRFK0/SI1076.PHN,56,37141,37085
973,TRAIN/DR2/MRFK0/SI1706.WAV.wav,TRAIN/DR2/MRFK0/SI1706.PHN,23,37164,37141
974,TRAIN/DR2/MRFK0/SI2336.WAV.wav,TRAIN/DR2/MRFK0/SI2336.PHN,25,37189,37164
975,TRAIN/DR2/MRFK0/SX176.WAV.wav,TRAIN/DR2/MRFK0/SX176.PHN,54,37243,37189
976,TRAIN/DR2/MRFK0/SX266.WAV.wav,TRAIN/DR2/MRFK0/SX266.PHN,31,37274,37243
977,TRAIN/DR2/MRFK0/SX356.WAV.wav,TRAIN/DR2/MRFK0/SX356.PHN,36,37310,37274
978,TRAIN/DR2/MRFK0/SX446.WAV.wav,TRAIN/DR2/MRFK0/SX446.PHN,43,37353,37310
979,TRAIN/DR2/MRFK0/SX86.WAV.wav,TRAIN/DR2/MRFK0/SX86.PHN,32,37385,37353
980,TRAIN/DR2/MRGS0/SA1.WAV.wav,TRAIN/DR2/MRGS0/SA1.PHN,43,37428,37385
981,TRAIN/DR2/MRGS0/SA2.WAV.wav,TRAIN/DR2/MRGS0/SA2.PHN,34,37462,37428
982,TRAIN/DR2/MRGS0/SI1356.WAV.wav,TRAIN/DR2/MRGS0/SI1356.PHN,62,37524,37462
983,TRAIN/DR2/MRGS0/SI1986.WAV.wav,TRAIN/DR2/MRGS0/SI1986.PHN,15,37539,37524
984,TRAIN/DR2/MRGS0/SI726.WAV.wav,TRAIN/DR2/MRGS0/SI726.PHN,61,37600,37539
985,TRAIN/DR2/MRGS0/SX186.WAV.wav,TRAIN/DR2/MRGS0/SX186.PHN,28,37628,37600
986,TRAIN/DR2/MRGS0/SX276.WAV.wav,TRAIN/DR2/MRGS0/SX276.PHN,33,37661,37628
987,TRAIN/DR2/MRGS0/SX366.WAV.wav,TRAIN/DR2/MRGS0/SX366.PHN,51,37712,37661
988,TRAIN/DR2/MRGS0/SX6.WAV.wav,TRAIN/DR2/MRGS0/SX6.PHN,26,37738,37712
989,TRAIN/DR2/MRGS0/SX96.WAV.wav,TRAIN/DR2/MRGS0/SX96.PHN,36,37774,37738
990,TRAIN/DR2/MRHL0/SA1.WAV.wav,TRAIN/DR2/MRHL0/SA1.PHN,42,37816,37774
991,TRAIN/DR2/MRHL0/SA2.WAV.wav,TRAIN/DR2/MRHL0/SA2.PHN,33,37849,37816
992,TRAIN/DR2/MRHL0/SI1515.WAV.wav,TRAIN/DR2/MRHL0/SI1515.PHN,14,37863,37849
993,TRAIN/DR2/MRHL0/SI2145.WAV.wav,TRAIN/DR2/MRHL0/SI2145.PHN,59,37922,37863
994,TRAIN/DR2/MRHL0/SI885.WAV.wav,TRAIN/DR2/MRHL0/SI885.PHN,42,37964,37922
995,TRAIN/DR2/MRHL0/SX165.WAV.wav,TRAIN/DR2/MRHL0/SX165.PHN,44,38008,37964
996,TRAIN/DR2/MRHL0/SX255.WAV.wav,TRAIN/DR2/MRHL0/SX255.PHN,35,38043,38008
997,TRAIN/DR2/MRHL0/SX345.WAV.wav,TRAIN/DR2/MRHL0/SX345.PHN,29,38072,38043
998,TRAIN/DR2/MRHL0/SX435.WAV.wav,TRAIN/DR2/MRHL0/SX435.PHN,49,38121,38072
999,TRAIN/DR2/MRHL0/SX75.WAV.wav,TRAIN/DR2/MRHL0/SX75.PHN,30,38151,38121
1000,TRAIN/DR2/MRJH0/SA1.WAV.wav,TRAIN/DR2/MRJH0/SA1.PHN,41,38192,38151
1001,TRAIN/DR2/MRJH0/SA2.WAV.wav,TRAIN/DR2/MRJH0/SA2.PHN,33,38225,38192
1002,TRAIN/DR2/MRJH0/SI1519.WAV.wav,TRAIN/DR2/MRJH0/SI1519.PHN,51,38276,38225
1003,TRAIN/DR2/MRJH0/SI889.WAV.wav,TRAIN/DR2/MRJH0/SI889.PHN,56,38332,38276
1004,TRAIN/DR2/MRJH0/SI914.WAV.wav,TRAIN/DR2/MRJH0/SI914.PHN,20,38352,38332
1005,TRAIN/DR2/MRJH0/SX169.WAV.wav,TRAIN/DR2/MRJH0/SX169.PHN,44,38396,38352
1006,TRAIN/DR2/MRJH0/SX259.WAV.wav,TRAIN/DR2/MRJH0/SX259.PHN,41,38437,38396
1007,TRAIN/DR2/MRJH0/SX307.WAV.wav,TRAIN/DR2/MRJH0/SX307.PHN,20,38457,38437
1008,TRAIN/DR2/MRJH0/SX439.WAV.wav,TRAIN/DR2/MRJH0/SX439.PHN,47,38504,38457
1009,TRAIN/DR2/MRJH0/SX79.WAV.wav,TRAIN/DR2/MRJH0/SX79.PHN,42,38546,38504
1010,TRAIN/DR2/MRJM0/SA1.WAV.wav,TRAIN/DR2/MRJM0/SA1.PHN,41,38587,38546
1011,TRAIN/DR2/MRJM0/SA2.WAV.wav,TRAIN/DR2/MRJM0/SA2.PHN,34,38621,38587
1012,TRAIN/DR2/MRJM0/SI1095.WAV.wav,TRAIN/DR2/MRJM0/SI1095.PHN,25,38646,38621
1013,TRAIN/DR2/MRJM0/SI1228.WAV.wav,TRAIN/DR2/MRJM0/SI1228.PHN,36,38682,38646
1014,TRAIN/DR2/MRJM0/SI1858.WAV.wav,TRAIN/DR2/MRJM0/SI1858.PHN,47,38729,38682
1015,TRAIN/DR2/MRJM0/SX148.WAV.wav,TRAIN/DR2/MRJM0/SX148.PHN,37,38766,38729
1016,TRAIN/DR2/MRJM0/SX238.WAV.wav,TRAIN/DR2/MRJM0/SX238.PHN,39,38805,38766
1017,TRAIN/DR2/MRJM0/SX328.WAV.wav,TRAIN/DR2/MRJM0/SX328.PHN,47,38852,38805
1018,TRAIN/DR2/MRJM0/SX418.WAV.wav,TRAIN/DR2/MRJM0/SX418.PHN,40,38892,38852
1019,TRAIN/DR2/MRJM0/SX58.WAV.wav,TRAIN/DR2/MRJM0/SX58.PHN,56,38948,38892
1020,TRAIN/DR2/MRJM1/SA1.WAV.wav,TRAIN/DR2/MRJM1/SA1.PHN,43,38991,38948
1021,TRAIN/DR2/MRJM1/SA2.WAV.wav,TRAIN/DR2/MRJM1/SA2.PHN,32,39023,38991
1022,TRAIN/DR2/MRJM1/SI1298.WAV.wav,TRAIN/DR2/MRJM1/SI1298.PHN,62,39085,39023
1023,TRAIN/DR2/MRJM1/SI1928.WAV.wav,TRAIN/DR2/MRJM1/SI1928.PHN,37,39122,39085
1024,TRAIN/DR2/MRJM1/SI668.WAV.wav,TRAIN/DR2/MRJM1/SI668.PHN,33,39155,39122
1025,TRAIN/DR2/MRJM1/SX128.WAV.wav,TRAIN/DR2/MRJM1/SX128.PHN,27,39182,39155
1026,TRAIN/DR2/MRJM1/SX218.WAV.wav,TRAIN/DR2/MRJM1/SX218.PHN,41,39223,39182
1027,TRAIN/DR2/MRJM1/SX308.WAV.wav,TRAIN/DR2/MRJM1/SX308.PHN,37,39260,39223
1028,TRAIN/DR2/MRJM1/SX38.WAV.wav,TRAIN/DR2/MRJM1/SX38.PHN,43,39303,39260
1029,TRAIN/DR2/MRJM1/SX398.WAV.wav,TRAIN/DR2/MRJM1/SX398.PHN,43,39346,39303
1030,TRAIN/DR2/MRJT0/SA1.WAV.wav,TRAIN/DR2/MRJT0/SA1.PHN,41,39387,39346
1031,TRAIN/DR2/MRJT0/SA2.WAV.wav,TRAIN/DR2/MRJT0/SA2.PHN,33,39420,39387
1032,TRAIN/DR2/MRJT0/SI1498.WAV.wav,TRAIN/DR2/MRJT0/SI1498.PHN,40,39460,39420
1033,TRAIN/DR2/MRJT0/SI1805.WAV.wav,TRAIN/DR2/MRJT0/SI1805.PHN,15,39475,39460
1034,TRAIN/DR2/MRJT0/SI868.WAV.wav,TRAIN/DR2/MRJT0/SI868.PHN,62,39537,39475
1035,TRAIN/DR2/MRJT0/SX148.WAV.wav,TRAIN/DR2/MRJT0/SX148.PHN,37,39574,39537
1036,TRAIN/DR2/MRJT0/SX238.WAV.wav,TRAIN/DR2/MRJT0/SX238.PHN,35,39609,39574
1037,TRAIN/DR2/MRJT0/SX328.WAV.wav,TRAIN/DR2/MRJT0/SX328.PHN,47,39656,39609
1038,TRAIN/DR2/MRJT0/SX418.WAV.wav,TRAIN/DR2/MRJT0/SX418.PHN,40,39696,39656
1039,TRAIN/DR2/MRJT0/SX58.WAV.wav,TRAIN/DR2/MRJT0/SX58.PHN,55,39751,39696
1040,TRAIN/DR2/MRLJ0/SA1.WAV.wav,TRAIN/DR2/MRLJ0/SA1.PHN,39,39790,39751
1041,TRAIN/DR2/MRLJ0/SA2.WAV.wav,TRAIN/DR2/MRLJ0/SA2.PHN,32,39822,39790
1042,TRAIN/DR2/MRLJ0/SI1420.WAV.wav,TRAIN/DR2/MRLJ0/SI1420.PHN,37,39859,39822
1043,TRAIN/DR2/MRLJ0/SI2050.WAV.wav,TRAIN/DR2/MRLJ0/SI2050.PHN,19,39878,39859
1044,TRAIN/DR2/MRLJ0/SI790.WAV.wav,TRAIN/DR2/MRLJ0/SI790.PHN,61,39939,39878
1045,TRAIN/DR2/MRLJ0/SX160.WAV.wav,TRAIN/DR2/MRLJ0/SX160.PHN,42,39981,39939
1046,TRAIN/DR2/MRLJ0/SX250.WAV.wav,TRAIN/DR2/MRLJ0/SX250.PHN,37,40018,39981
1047,TRAIN/DR2/MRLJ0/SX340.WAV.wav,TRAIN/DR2/MRLJ0/SX340.PHN,30,40048,40018
1048,TRAIN/DR2/MRLJ0/SX430.WAV.wav,TRAIN/DR2/MRLJ0/SX430.PHN,46,40094,40048
1049,TRAIN/DR2/MRLJ0/SX70.WAV.wav,TRAIN/DR2/MRLJ0/SX70.PHN,12,40106,40094
1050,TRAIN/DR2/MRLR0/SA1.WAV.wav,TRAIN/DR2/MRLR0/SA1.PHN,40,40146,40106
1051,TRAIN/DR2/MRLR0/SA2.WAV.wav,TRAIN/DR2/MRLR0/SA2.PHN,34,40180,40146
1052,TRAIN/DR2/MRLR0/SI1196.WAV.wav,TRAIN/DR2/MRLR0/SI1196.PHN,67,40247,40180
1053,TRAIN/DR2/MRLR0/SI1826.WAV.wav,TRAIN/DR2/MRLR0/SI1826.PHN,35,40282,40247
1054,TRAIN/DR2/MRLR0/SI566.WAV.wav,TRAIN/DR2/MRLR0/SI566.PHN,40,40322,40282
1055,TRAIN/DR2/MRLR0/SX116.WAV.wav,TRAIN/DR2/MRLR0/SX116.PHN,29,40351,40322
1056,TRAIN/DR2/MRLR0/SX206.WAV.wav,TRAIN/DR2/MRLR0/SX206.PHN,40,40391,40351
1057,TRAIN/DR2/MRLR0/SX26.WAV.wav,TRAIN/DR2/MRLR0/SX26.PHN,28,40419,40391
1058,TRAIN/DR2/MRLR0/SX296.WAV.wav,TRAIN/DR2/MRLR0/SX296.PHN,35,40454,40419
1059,TRAIN/DR2/MRLR0/SX386.WAV.wav,TRAIN/DR2/MRLR0/SX386.PHN,28,40482,40454
1060,TRAIN/DR2/MRMS0/SA1.WAV.wav,TRAIN/DR2/MRMS0/SA1.PHN,39,40521,40482
1061,TRAIN/DR2/MRMS0/SA2.WAV.wav,TRAIN/DR2/MRMS0/SA2.PHN,31,40552,40521
1062,TRAIN/DR2/MRMS0/SI1113.WAV.wav,TRAIN/DR2/MRMS0/SI1113.PHN,59,40611,40552
1063,TRAIN/DR2/MRMS0/SI2057.WAV.wav,TRAIN/DR2/MRMS0/SI2057.PHN,60,40671,40611
1064,TRAIN/DR2/MRMS0/SI2100.WAV.wav,TRAIN/DR2/MRMS0/SI2100.PHN,29,40700,40671
1065,TRAIN/DR2/MRMS0/SX120.WAV.wav,TRAIN/DR2/MRMS0/SX120.PHN,37,40737,40700
1066,TRAIN/DR2/MRMS0/SX210.WAV.wav,TRAIN/DR2/MRMS0/SX210.PHN,25,40762,40737
1067,TRAIN/DR2/MRMS0/SX30.WAV.wav,TRAIN/DR2/MRMS0/SX30.PHN,25,40787,40762
1068,TRAIN/DR2/MRMS0/SX300.WAV.wav,TRAIN/DR2/MRMS0/SX300.PHN,28,40815,40787
1069,TRAIN/DR2/MRMS0/SX390.WAV.wav,TRAIN/DR2/MRMS0/SX390.PHN,39,40854,40815
1070,TRAIN/DR2/MSAT0/SA1.WAV.wav,TRAIN/DR2/MSAT0/SA1.PHN,37,40891,40854
1071,TRAIN/DR2/MSAT0/SA2.WAV.wav,TRAIN/DR2/MSAT0/SA2.PHN,33,40924,40891
1072,TRAIN/DR2/MSAT0/SI1526.WAV.wav,TRAIN/DR2/MSAT0/SI1526.PHN,29,40953,40924
1073,TRAIN/DR2/MSAT0/SI2156.WAV.wav,TRAIN/DR2/MSAT0/SI2156.PHN,36,40989,40953
1074,TRAIN/DR2/MSAT0/SI896.WAV.wav,TRAIN/DR2/MSAT0/SI896.PHN,35,41024,40989
1075,TRAIN/DR2/MSAT0/SX176.WAV.wav,TRAIN/DR2/MSAT0/SX176.PHN,50,41074,41024
1076,TRAIN/DR2/MSAT0/SX266.WAV.wav,TRAIN/DR2/MSAT0/SX266.PHN,30,41104,41074
1077,TRAIN/DR2/MSAT0/SX356.WAV.wav,TRAIN/DR2/MSAT0/SX356.PHN,35,41139,41104
1078,TRAIN/DR2/MSAT0/SX446.WAV.wav,TRAIN/DR2/MSAT0/SX446.PHN,41,41180,41139
1079,TRAIN/DR2/MSAT0/SX86.WAV.wav,TRAIN/DR2/MSAT0/SX86.PHN,31,41211,41180
1080,TRAIN/DR2/MTAT1/SA1.WAV.wav,TRAIN/DR2/MTAT1/SA1.PHN,41,41252,41211
1081,TRAIN/DR2/MTAT1/SA2.WAV.wav,TRAIN/DR2/MTAT1/SA2.PHN,36,41288,41252
1082,TRAIN/DR2/MTAT1/SI1409.WAV.wav,TRAIN/DR2/MTAT1/SI1409.PHN,33,41321,41288
1083,TRAIN/DR2/MTAT1/SI1627.WAV.wav,TRAIN/DR2/MTAT1/SI1627.PHN,19,41340,41321
1084,TRAIN/DR2/MTAT1/SI779.WAV.wav,TRAIN/DR2/MTAT1/SI779.PHN,53,41393,41340
1085,TRAIN/DR2/MTAT1/SX149.WAV.wav,TRAIN/DR2/MTAT1/SX149.PHN,50,41443,41393
1086,TRAIN/DR2/MTAT1/SX239.WAV.wav,TRAIN/DR2/MTAT1/SX239.PHN,37,41480,41443
1087,TRAIN/DR2/MTAT1/SX329.WAV.wav,TRAIN/DR2/MTAT1/SX329.PHN,56,41536,41480
1088,TRAIN/DR2/MTAT1/SX419.WAV.wav,TRAIN/DR2/MTAT1/SX419.PHN,37,41573,41536
1089,TRAIN/DR2/MTAT1/SX59.WAV.wav,TRAIN/DR2/MTAT1/SX59.PHN,28,41601,41573
1090,TRAIN/DR2/MTBC0/SA1.WAV.wav,TRAIN/DR2/MTBC0/SA1.PHN,43,41644,41601
1091,TRAIN/DR2/MTBC0/SA2.WAV.wav,TRAIN/DR2/MTBC0/SA2.PHN,36,41680,41644
1092,TRAIN/DR2/MTBC0/SI1173.WAV.wav,TRAIN/DR2/MTBC0/SI1173.PHN,15,41695,41680
1093,TRAIN/DR2/MTBC0/SI1803.WAV.wav,TRAIN/DR2/MTBC0/SI1803.PHN,34,41729,41695
1094,TRAIN/DR2/MTBC0/SI543.WAV.wav,TRAIN/DR2/MTBC0/SI543.PHN,63,41792,41729
1095,TRAIN/DR2/MTBC0/SX183.WAV.wav,TRAIN/DR2/MTBC0/SX183.PHN,32,41824,41792
1096,TRAIN/DR2/MTBC0/SX273.WAV.wav,TRAIN/DR2/MTBC0/SX273.PHN,33,41857,41824
1097,TRAIN/DR2/MTBC0/SX347.WAV.wav,TRAIN/DR2/MTBC0/SX347.PHN,61,41918,41857
1098,TRAIN/DR2/MTBC0/SX363.WAV.wav,TRAIN/DR2/MTBC0/SX363.PHN,43,41961,41918
1099,TRAIN/DR2/MTBC0/SX93.WAV.wav,TRAIN/DR2/MTBC0/SX93.PHN,26,41987,41961
1100,TRAIN/DR2/MTDB0/SA1.WAV.wav,TRAIN/DR2/MTDB0/SA1.PHN,38,42025,41987
1101,TRAIN/DR2/MTDB0/SA2.WAV.wav,TRAIN/DR2/MTDB0/SA2.PHN,33,42058,42025
1102,TRAIN/DR2/MTDB0/SI1401.WAV.wav,TRAIN/DR2/MTDB0/SI1401.PHN,64,42122,42058
1103,TRAIN/DR2/MTDB0/SI2031.WAV.wav,TRAIN/DR2/MTDB0/SI2031.PHN,26,42148,42122
1104,TRAIN/DR2/MTDB0/SI771.WAV.wav,TRAIN/DR2/MTDB0/SI771.PHN,62,42210,42148
1105,TRAIN/DR2/MTDB0/SX141.WAV.wav,TRAIN/DR2/MTDB0/SX141.PHN,51,42261,42210
1106,TRAIN/DR2/MTDB0/SX231.WAV.wav,TRAIN/DR2/MTDB0/SX231.PHN,11,42272,42261
1107,TRAIN/DR2/MTDB0/SX321.WAV.wav,TRAIN/DR2/MTDB0/SX321.PHN,50,42322,42272
1108,TRAIN/DR2/MTDB0/SX411.WAV.wav,TRAIN/DR2/MTDB0/SX411.PHN,39,42361,42322
1109,TRAIN/DR2/MTDB0/SX51.WAV.wav,TRAIN/DR2/MTDB0/SX51.PHN,44,42405,42361
1110,TRAIN/DR2/MTJG0/SA1.WAV.wav,TRAIN/DR2/MTJG0/SA1.PHN,39,42444,42405
1111,TRAIN/DR2/MTJG0/SA2.WAV.wav,TRAIN/DR2/MTJG0/SA2.PHN,36,42480,42444
1112,TRAIN/DR2/MTJG0/SI1520.WAV.wav,TRAIN/DR2/MTJG0/SI1520.PHN,28,42508,42480
1113,TRAIN/DR2/MTJG0/SI2157.WAV.wav,TRAIN/DR2/MTJG0/SI2157.PHN,14,42522,42508
1114,TRAIN/DR2/MTJG0/SI890.WAV.wav,TRAIN/DR2/MTJG0/SI890.PHN,51,42573,42522
1115,TRAIN/DR2/MTJG0/SX170.WAV.wav,TRAIN/DR2/MTJG0/SX170.PHN,53,42626,42573
1116,TRAIN/DR2/MTJG0/SX260.WAV.wav,TRAIN/DR2/MTJG0/SX260.PHN,43,42669,42626
1117,TRAIN/DR2/MTJG0/SX350.WAV.wav,TRAIN/DR2/MTJG0/SX350.PHN,51,42720,42669
1118,TRAIN/DR2/MTJG0/SX440.WAV.wav,TRAIN/DR2/MTJG0/SX440.PHN,50,42770,42720
1119,TRAIN/DR2/MTJG0/SX80.WAV.wav,TRAIN/DR2/MTJG0/SX80.PHN,29,42799,42770
1120,TRAIN/DR2/MWSB0/SA1.WAV.wav,TRAIN/DR2/MWSB0/SA1.PHN,40,42839,42799
1121,TRAIN/DR2/MWSB0/SA2.WAV.wav,TRAIN/DR2/MWSB0/SA2.PHN,31,42870,42839
1122,TRAIN/DR2/MWSB0/SI1626.WAV.wav,TRAIN/DR2/MWSB0/SI1626.PHN,30,42900,42870
1123,TRAIN/DR2/MWSB0/SI2256.WAV.wav,TRAIN/DR2/MWSB0/SI2256.PHN,33,42933,42900
1124,TRAIN/DR2/MWSB0/SI996.WAV.wav,TRAIN/DR2/MWSB0/SI996.PHN,52,42985,42933
1125,TRAIN/DR2/MWSB0/SX186.WAV.wav,TRAIN/DR2/MWSB0/SX186.PHN,27,43012,42985
1126,TRAIN/DR2/MWSB0/SX276.WAV.wav,TRAIN/DR2/MWSB0/SX276.PHN,32,43044,43012
1127,TRAIN/DR2/MWSB0/SX366.WAV.wav,TRAIN/DR2/MWSB0/SX366.PHN,53,43097,43044
1128,TRAIN/DR2/MWSB0/SX6.WAV.wav,TRAIN/DR2/MWSB0/SX6.PHN,27,43124,43097
1129,TRAIN/DR2/MWSB0/SX96.WAV.wav,TRAIN/DR2/MWSB0/SX96.PHN,38,43162,43124
1130,TRAIN/DR2/MZMB0/SA1.WAV.wav,TRAIN/DR2/MZMB0/SA1.PHN,43,43205,43162
1131,TRAIN/DR2/MZMB0/SA2.WAV.wav,TRAIN/DR2/MZMB0/SA2.PHN,32,43237,43205
1132,TRAIN/DR2/MZMB0/SI1166.WAV.wav,TRAIN/DR2/MZMB0/SI1166.PHN,59,43296,43237
1133,TRAIN/DR2/MZMB0/SI1796.WAV.wav,TRAIN/DR2/MZMB0/SI1796.PHN,20,43316,43296
1134,TRAIN/DR2/MZMB0/SI536.WAV.wav,TRAIN/DR2/MZMB0/SI536.PHN,47,43363,43316
1135,TRAIN/DR2/MZMB0/SX176.WAV.wav,TRAIN/DR2/MZMB0/SX176.PHN,50,43413,43363
1136,TRAIN/DR2/MZMB0/SX266.WAV.wav,TRAIN/DR2/MZMB0/SX266.PHN,35,43448,43413
1137,TRAIN/DR2/MZMB0/SX356.WAV.wav,TRAIN/DR2/MZMB0/SX356.PHN,36,43484,43448
1138,TRAIN/DR2/MZMB0/SX446.WAV.wav,TRAIN/DR2/MZMB0/SX446.PHN,40,43524,43484
1139,TRAIN/DR2/MZMB0/SX86.WAV.wav,TRAIN/DR2/MZMB0/SX86.PHN,33,43557,43524
1140,TRAIN/DR3/FALK0/SA1.WAV.wav,TRAIN/DR3/FALK0/SA1.PHN,42,43599,43557
1141,TRAIN/DR3/FALK0/SA2.WAV.wav,TRAIN/DR3/FALK0/SA2.PHN,36,43635,43599
1142,TRAIN/DR3/FALK0/SI1086.WAV.wav,TRAIN/DR3/FALK0/SI1086.PHN,36,43671,43635
1143,TRAIN/DR3/FALK0/SI456.WAV.wav,TRAIN/DR3/FALK0/SI456.PHN,37,43708,43671
1144,TRAIN/DR3/FALK0/SI658.WAV.wav,TRAIN/DR3/FALK0/SI658.PHN,60,43768,43708
1145,TRAIN/DR3/FALK0/SX186.WAV.wav,TRAIN/DR3/FALK0/SX186.PHN,31,43799,43768
1146,TRAIN/DR3/FALK0/SX276.WAV.wav,TRAIN/DR3/FALK0/SX276.PHN,32,43831,43799
1147,TRAIN/DR3/FALK0/SX366.WAV.wav,TRAIN/DR3/FALK0/SX366.PHN,53,43884,43831
1148,TRAIN/DR3/FALK0/SX6.WAV.wav,TRAIN/DR3/FALK0/SX6.PHN,25,43909,43884
1149,TRAIN/DR3/FALK0/SX96.WAV.wav,TRAIN/DR3/FALK0/SX96.PHN,38,43947,43909
1150,TRAIN/DR3/FCKE0/SA1.WAV.wav,TRAIN/DR3/FCKE0/SA1.PHN,40,43987,43947
1151,TRAIN/DR3/FCKE0/SA2.WAV.wav,TRAIN/DR3/FCKE0/SA2.PHN,33,44020,43987
1152,TRAIN/DR3/FCKE0/SI1111.WAV.wav,TRAIN/DR3/FCKE0/SI1111.PHN,16,44036,44020
1153,TRAIN/DR3/FCKE0/SI1741.WAV.wav,TRAIN/DR3/FCKE0/SI1741.PHN,58,44094,44036
1154,TRAIN/DR3/FCKE0/SI481.WAV.wav,TRAIN/DR3/FCKE0/SI481.PHN,58,44152,44094
1155,TRAIN/DR3/FCKE0/SX121.WAV.wav,TRAIN/DR3/FCKE0/SX121.PHN,39,44191,44152
1156,TRAIN/DR3/FCKE0/SX211.WAV.wav,TRAIN/DR3/FCKE0/SX211.PHN,36,44227,44191
1157,TRAIN/DR3/FCKE0/SX301.WAV.wav,TRAIN/DR3/FCKE0/SX301.PHN,35,44262,44227
1158,TRAIN/DR3/FCKE0/SX31.WAV.wav,TRAIN/DR3/FCKE0/SX31.PHN,26,44288,44262
1159,TRAIN/DR3/FCKE0/SX391.WAV.wav,TRAIN/DR3/FCKE0/SX391.PHN,20,44308,44288
1160,TRAIN/DR3/FCMG0/SA1.WAV.wav,TRAIN/DR3/FCMG0/SA1.PHN,44,44352,44308
1161,TRAIN/DR3/FCMG0/SA2.WAV.wav,TRAIN/DR3/FCMG0/SA2.PHN,37,44389,44352
1162,TRAIN/DR3/FCMG0/SI1142.WAV.wav,TRAIN/DR3/FCMG0/SI1142.PHN,66,44455,44389
1163,TRAIN/DR3/FCMG0/SI1242.WAV.wav,TRAIN/DR3/FCMG0/SI1242.PHN,37,44492,44455
1164,TRAIN/DR3/FCMG0/SI1872.WAV.wav,TRAIN/DR3/FCMG0/SI1872.PHN,35,44527,44492
1165,TRAIN/DR3/FCMG0/SX162.WAV.wav,TRAIN/DR3/FCMG0/SX162.PHN,36,44563,44527
1166,TRAIN/DR3/FCMG0/SX252.WAV.wav,TRAIN/DR3/FCMG0/SX252.PHN,34,44597,44563
1167,TRAIN/DR3/FCMG0/SX342.WAV.wav,TRAIN/DR3/FCMG0/SX342.PHN,36,44633,44597
1168,TRAIN/DR3/FCMG0/SX432.WAV.wav,TRAIN/DR3/FCMG0/SX432.PHN,53,44686,44633
1169,TRAIN/DR3/FCMG0/SX72.WAV.wav,TRAIN/DR3/FCMG0/SX72.PHN,27,44713,44686
1170,TRAIN/DR3/FDFB0/SA1.WAV.wav,TRAIN/DR3/FDFB0/SA1.PHN,38,44751,44713
1171,TRAIN/DR3/FDFB0/SA2.WAV.wav,TRAIN/DR3/FDFB0/SA2.PHN,32,44783,44751
1172,TRAIN/DR3/FDFB0/SI1318.WAV.wav,TRAIN/DR3/FDFB0/SI1318.PHN,58,44841,44783
1173,TRAIN/DR3/FDFB0/SI1948.WAV.wav,TRAIN/DR3/FDFB0/SI1948.PHN,24,44865,44841
1174,TRAIN/DR3/FDFB0/SI2010.WAV.wav,TRAIN/DR3/FDFB0/SI2010.PHN,27,44892,44865
1175,TRAIN/DR3/FDFB0/SX148.WAV.wav,TRAIN/DR3/FDFB0/SX148.PHN,35,44927,44892
1176,TRAIN/DR3/FDFB0/SX238.WAV.wav,TRAIN/DR3/FDFB0/SX238.PHN,34,44961,44927
1177,TRAIN/DR3/FDFB0/SX328.WAV.wav,TRAIN/DR3/FDFB0/SX328.PHN,44,45005,44961
1178,TRAIN/DR3/FDFB0/SX418.WAV.wav,TRAIN/DR3/FDFB0/SX418.PHN,36,45041,45005
1179,TRAIN/DR3/FDFB0/SX58.WAV.wav,TRAIN/DR3/FDFB0/SX58.PHN,53,45094,45041
1180,TRAIN/DR3/FDJH0/SA1.WAV.wav,TRAIN/DR3/FDJH0/SA1.PHN,40,45134,45094
1181,TRAIN/DR3/FDJH0/SA2.WAV.wav,TRAIN/DR3/FDJH0/SA2.PHN,36,45170,45134
1182,TRAIN/DR3/FDJH0/SI1565.WAV.wav,TRAIN/DR3/FDJH0/SI1565.PHN,30,45200,45170
1183,TRAIN/DR3/FDJH0/SI2195.WAV.wav,TRAIN/DR3/FDJH0/SI2195.PHN,33,45233,45200
1184,TRAIN/DR3/FDJH0/SI935.WAV.wav,TRAIN/DR3/FDJH0/SI935.PHN,46,45279,45233
1185,TRAIN/DR3/FDJH0/SX125.WAV.wav,TRAIN/DR3/FDJH0/SX125.PHN,30,45309,45279
1186,TRAIN/DR3/FDJH0/SX215.WAV.wav,TRAIN/DR3/FDJH0/SX215.PHN,38,45347,45309
1187,TRAIN/DR3/FDJH0/SX305.WAV.wav,TRAIN/DR3/FDJH0/SX305.PHN,29,45376,45347
1188,TRAIN/DR3/FDJH0/SX35.WAV.wav,TRAIN/DR3/FDJH0/SX35.PHN,30,45406,45376
1189,TRAIN/DR3/FDJH0/SX395.WAV.wav,TRAIN/DR3/FDJH0/SX395.PHN,38,45444,45406
1190,TRAIN/DR3/FEME0/SA1.WAV.wav,TRAIN/DR3/FEME0/SA1.PHN,40,45484,45444
1191,TRAIN/DR3/FEME0/SA2.WAV.wav,TRAIN/DR3/FEME0/SA2.PHN,37,45521,45484
1192,TRAIN/DR3/FEME0/SI1505.WAV.wav,TRAIN/DR3/FEME0/SI1505.PHN,36,45557,45521
1193,TRAIN/DR3/FEME0/SI2135.WAV.wav,TRAIN/DR3/FEME0/SI2135.PHN,25,45582,45557
1194,TRAIN/DR3/FEME0/SI875.WAV.wav,TRAIN/DR3/FEME0/SI875.PHN,55,45637,45582
1195,TRAIN/DR3/FEME0/SX155.WAV.wav,TRAIN/DR3/FEME0/SX155.PHN,43,45680,45637
1196,TRAIN/DR3/FEME0/SX245.WAV.wav,TRAIN/DR3/FEME0/SX245.PHN,30,45710,45680
1197,TRAIN/DR3/FEME0/SX335.WAV.wav,TRAIN/DR3/FEME0/SX335.PHN,58,45768,45710
1198,TRAIN/DR3/FEME0/SX425.WAV.wav,TRAIN/DR3/FEME0/SX425.PHN,23,45791,45768
1199,TRAIN/DR3/FEME0/SX65.WAV.wav,TRAIN/DR3/FEME0/SX65.PHN,33,45824,45791
1200,TRAIN/DR3/FGCS0/SA1.WAV.wav,TRAIN/DR3/FGCS0/SA1.PHN,40,45864,45824
1201,TRAIN/DR3/FGCS0/SA2.WAV.wav,TRAIN/DR3/FGCS0/SA2.PHN,33,45897,45864
1202,TRAIN/DR3/FGCS0/SI1486.WAV.wav,TRAIN/DR3/FGCS0/SI1486.PHN,35,45932,45897
1203,TRAIN/DR3/FGCS0/SI2116.WAV.wav,TRAIN/DR3/FGCS0/SI2116.PHN,41,45973,45932
1204,TRAIN/DR3/FGCS0/SI856.WAV.wav,TRAIN/DR3/FGCS0/SI856.PHN,34,46007,45973
1205,TRAIN/DR3/FGCS0/SX136.WAV.wav,TRAIN/DR3/FGCS0/SX136.PHN,58,46065,46007
1206,TRAIN/DR3/FGCS0/SX226.WAV.wav,TRAIN/DR3/FGCS0/SX226.PHN,42,46107,46065
1207,TRAIN/DR3/FGCS0/SX316.WAV.wav,TRAIN/DR3/FGCS0/SX316.PHN,29,46136,46107
1208,TRAIN/DR3/FGCS0/SX406.WAV.wav,TRAIN/DR3/FGCS0/SX406.PHN,48,46184,46136
1209,TRAIN/DR3/FGCS0/SX46.WAV.wav,TRAIN/DR3/FGCS0/SX46.PHN,32,46216,46184
1210,TRAIN/DR3/FGRW0/SA1.WAV.wav,TRAIN/DR3/FGRW0/SA1.PHN,40,46256,46216
1211,TRAIN/DR3/FGRW0/SA2.WAV.wav,TRAIN/DR3/FGRW0/SA2.PHN,35,46291,46256
1212,TRAIN/DR3/FGRW0/SI1152.WAV.wav,TRAIN/DR3/FGRW0/SI1152.PHN,63,46354,46291
1213,TRAIN/DR3/FGRW0/SI1782.WAV.wav,TRAIN/DR3/FGRW0/SI1782.PHN,40,46394,46354
1214,TRAIN/DR3/FGRW0/SI1990.WAV.wav,TRAIN/DR3/FGRW0/SI1990.PHN,18,46412,46394
1215,TRAIN/DR3/FGRW0/SX162.WAV.wav,TRAIN/DR3/FGRW0/SX162.PHN,37,46449,46412
1216,TRAIN/DR3/FGRW0/SX252.WAV.wav,TRAIN/DR3/FGRW0/SX252.PHN,34,46483,46449
1217,TRAIN/DR3/FGRW0/SX342.WAV.wav,TRAIN/DR3/FGRW0/SX342.PHN,36,46519,46483
1218,TRAIN/DR3/FGRW0/SX432.WAV.wav,TRAIN/DR3/FGRW0/SX432.PHN,53,46572,46519
1219,TRAIN/DR3/FGRW0/SX72.WAV.wav,TRAIN/DR3/FGRW0/SX72.PHN,27,46599,46572
1220,TRAIN/DR3/FJLG0/SA1.WAV.wav,TRAIN/DR3/FJLG0/SA1.PHN,42,46641,46599
1221,TRAIN/DR3/FJLG0/SA2.WAV.wav,TRAIN/DR3/FJLG0/SA2.PHN,33,46674,46641
1222,TRAIN/DR3/FJLG0/SI1506.WAV.wav,TRAIN/DR3/FJLG0/SI1506.PHN,16,46690,46674
1223,TRAIN/DR3/FJLG0/SI1889.WAV.wav,TRAIN/DR3/FJLG0/SI1889.PHN,61,46751,46690
1224,TRAIN/DR3/FJLG0/SI2306.WAV.wav,TRAIN/DR3/FJLG0/SI2306.PHN,17,46768,46751
1225,TRAIN/DR3/FJLG0/SX179.WAV.wav,TRAIN/DR3/FJLG0/SX179.PHN,38,46806,46768
1226,TRAIN/DR3/FJLG0/SX269.WAV.wav,TRAIN/DR3/FJLG0/SX269.PHN,30,46836,46806
1227,TRAIN/DR3/FJLG0/SX359.WAV.wav,TRAIN/DR3/FJLG0/SX359.PHN,45,46881,46836
1228,TRAIN/DR3/FJLG0/SX449.WAV.wav,TRAIN/DR3/FJLG0/SX449.PHN,48,46929,46881
1229,TRAIN/DR3/FJLG0/SX89.WAV.wav,TRAIN/DR3/FJLG0/SX89.PHN,36,46965,46929
1230,TRAIN/DR3/FJLR0/SA1.WAV.wav,TRAIN/DR3/FJLR0/SA1.PHN,42,47007,46965
1231,TRAIN/DR3/FJLR0/SA2.WAV.wav,TRAIN/DR3/FJLR0/SA2.PHN,38,47045,47007
1232,TRAIN/DR3/FJLR0/SI1231.WAV.wav,TRAIN/DR3/FJLR0/SI1231.PHN,59,47104,47045
1233,TRAIN/DR3/FJLR0/SI1861.WAV.wav,TRAIN/DR3/FJLR0/SI1861.PHN,24,47128,47104
1234,TRAIN/DR3/FJLR0/SI601.WAV.wav,TRAIN/DR3/FJLR0/SI601.PHN,39,47167,47128
1235,TRAIN/DR3/FJLR0/SX151.WAV.wav,TRAIN/DR3/FJLR0/SX151.PHN,46,47213,47167
1236,TRAIN/DR3/FJLR0/SX241.WAV.wav,TRAIN/DR3/FJLR0/SX241.PHN,34,47247,47213
1237,TRAIN/DR3/FJLR0/SX331.WAV.wav,TRAIN/DR3/FJLR0/SX331.PHN,37,47284,47247
1238,TRAIN/DR3/FJLR0/SX421.WAV.wav,TRAIN/DR3/FJLR0/SX421.PHN,36,47320,47284
1239,TRAIN/DR3/FJLR0/SX61.WAV.wav,TRAIN/DR3/FJLR0/SX61.PHN,43,47363,47320
1240,TRAIN/DR3/FLAC0/SA1.WAV.wav,TRAIN/DR3/FLAC0/SA1.PHN,41,47404,47363
1241,TRAIN/DR3/FLAC0/SA2.WAV.wav,TRAIN/DR3/FLAC0/SA2.PHN,32,47436,47404
1242,TRAIN/DR3/FLAC0/SI1339.WAV.wav,TRAIN/DR3/FLAC0/SI1339.PHN,69,47505,47436
1243,TRAIN/DR3/FLAC0/SI2161.WAV.wav,TRAIN/DR3/FLAC0/SI2161.PHN,18,47523,47505
1244,TRAIN/DR3/FLAC0/SI901.WAV.wav,TRAIN/DR3/FLAC0/SI901.PHN,22,47545,47523
1245,TRAIN/DR3/FLAC0/SX181.WAV.wav,TRAIN/DR3/FLAC0/SX181.PHN,44,47589,47545
1246,TRAIN/DR3/FLAC0/SX271.WAV.wav,TRAIN/DR3/FLAC0/SX271.PHN,33,47622,47589
1247,TRAIN/DR3/FLAC0/SX361.WAV.wav,TRAIN/DR3/FLAC0/SX361.PHN,34,47656,47622
1248,TRAIN/DR3/FLAC0/SX451.WAV.wav,TRAIN/DR3/FLAC0/SX451.PHN,52,47708,47656
1249,TRAIN/DR3/FLAC0/SX91.WAV.wav,TRAIN/DR3/FLAC0/SX91.PHN,37,47745,47708
1250,TRAIN/DR3/FLJD0/SA1.WAV.wav,TRAIN/DR3/FLJD0/SA1.PHN,41,47786,47745
1251,TRAIN/DR3/FLJD0/SA2.WAV.wav,TRAIN/DR3/FLJD0/SA2.PHN,36,47822,47786
1252,TRAIN/DR3/FLJD0/SI1516.WAV.wav,TRAIN/DR3/FLJD0/SI1516.PHN,45,47867,47822
1253,TRAIN/DR3/FLJD0/SI2146.WAV.wav,TRAIN/DR3/FLJD0/SI2146.PHN,32,47899,47867
1254,TRAIN/DR3/FLJD0/SI886.WAV.wav,TRAIN/DR3/FLJD0/SI886.PHN,26,47925,47899
1255,TRAIN/DR3/FLJD0/SX166.WAV.wav,TRAIN/DR3/FLJD0/SX166.PHN,58,47983,47925
1256,TRAIN/DR3/FLJD0/SX256.WAV.wav,TRAIN/DR3/FLJD0/SX256.PHN,34,48017,47983
1257,TRAIN/DR3/FLJD0/SX346.WAV.wav,TRAIN/DR3/FLJD0/SX346.PHN,46,48063,48017
1258,TRAIN/DR3/FLJD0/SX436.WAV.wav,TRAIN/DR3/FLJD0/SX436.PHN,22,48085,48063
1259,TRAIN/DR3/FLJD0/SX76.WAV.wav,TRAIN/DR3/FLJD0/SX76.PHN,38,48123,48085
1260,TRAIN/DR3/FLTM0/SA1.WAV.wav,TRAIN/DR3/FLTM0/SA1.PHN,44,48167,48123
1261,TRAIN/DR3/FLTM0/SA2.WAV.wav,TRAIN/DR3/FLTM0/SA2.PHN,34,48201,48167
1262,TRAIN/DR3/FLTM0/SI1070.WAV.wav,TRAIN/DR3/FLTM0/SI1070.PHN,27,48228,48201
1263,TRAIN/DR3/FLTM0/SI1700.WAV.wav,TRAIN/DR3/FLTM0/SI1700.PHN,30,48258,48228
1264,TRAIN/DR3/FLTM0/SI2330.WAV.wav,TRAIN/DR3/FLTM0/SI2330.PHN,24,48282,48258
1265,TRAIN/DR3/FLTM0/SX170.WAV.wav,TRAIN/DR3/FLTM0/SX170.PHN,56,48338,48282
1266,TRAIN/DR3/FLTM0/SX260.WAV.wav,TRAIN/DR3/FLTM0/SX260.PHN,46,48384,48338
1267,TRAIN/DR3/FLTM0/SX350.WAV.wav,TRAIN/DR3/FLTM0/SX350.PHN,58,48442,48384
1268,TRAIN/DR3/FLTM0/SX440.WAV.wav,TRAIN/DR3/FLTM0/SX440.PHN,51,48493,48442
1269,TRAIN/DR3/FLTM0/SX80.WAV.wav,TRAIN/DR3/FLTM0/SX80.PHN,30,48523,48493
1270,TRAIN/DR3/FMJF0/SA1.WAV.wav,TRAIN/DR3/FMJF0/SA1.PHN,40,48563,48523
1271,TRAIN/DR3/FMJF0/SA2.WAV.wav,TRAIN/DR3/FMJF0/SA2.PHN,37,48600,48563
1272,TRAIN/DR3/FMJF0/SI1254.WAV.wav,TRAIN/DR3/FMJF0/SI1254.PHN,27,48627,48600
1273,TRAIN/DR3/FMJF0/SI1884.WAV.wav,TRAIN/DR3/FMJF0/SI1884.PHN,25,48652,48627
1274,TRAIN/DR3/FMJF0/SI624.WAV.wav,TRAIN/DR3/FMJF0/SI624.PHN,57,48709,48652
1275,TRAIN/DR3/FMJF0/SX174.WAV.wav,TRAIN/DR3/FMJF0/SX174.PHN,50,48759,48709
1276,TRAIN/DR3/FMJF0/SX264.WAV.wav,TRAIN/DR3/FMJF0/SX264.PHN,30,48789,48759
1277,TRAIN/DR3/FMJF0/SX354.WAV.wav,TRAIN/DR3/FMJF0/SX354.PHN,34,48823,48789
1278,TRAIN/DR3/FMJF0/SX444.WAV.wav,TRAIN/DR3/FMJF0/SX444.PHN,37,48860,48823
1279,TRAIN/DR3/FMJF0/SX84.WAV.wav,TRAIN/DR3/FMJF0/SX84.PHN,50,48910,48860
1280,TRAIN/DR3/FNTB0/SA1.WAV.wav,TRAIN/DR3/FNTB0/SA1.PHN,40,48950,48910
1281,TRAIN/DR3/FNTB0/SA2.WAV.wav,TRAIN/DR3/FNTB0/SA2.PHN,34,48984,48950
1282,TRAIN/DR3/FNTB0/SI1203.WAV.wav,TRAIN/DR3/FNTB0/SI1203.PHN,38,49022,48984
1283,TRAIN/DR3/FNTB0/SI573.WAV.wav,TRAIN/DR3/FNTB0/SI573.PHN,36,49058,49022
1284,TRAIN/DR3/FNTB0/SI679.WAV.wav,TRAIN/DR3/FNTB0/SI679.PHN,69,49127,49058
1285,TRAIN/DR3/FNTB0/SX123.WAV.wav,TRAIN/DR3/FNTB0/SX123.PHN,42,49169,49127
1286,TRAIN/DR3/FNTB0/SX213.WAV.wav,TRAIN/DR3/FNTB0/SX213.PHN,34,49203,49169
1287,TRAIN/DR3/FNTB0/SX303.WAV.wav,TRAIN/DR3/FNTB0/SX303.PHN,29,49232,49203
1288,TRAIN/DR3/FNTB0/SX33.WAV.wav,TRAIN/DR3/FNTB0/SX33.PHN,33,49265,49232
1289,TRAIN/DR3/FNTB0/SX393.WAV.wav,TRAIN/DR3/FNTB0/SX393.PHN,34,49299,49265
1290,TRAIN/DR3/FPAZ0/SA1.WAV.wav,TRAIN/DR3/FPAZ0/SA1.PHN,41,49340,49299
1291,TRAIN/DR3/FPAZ0/SA2.WAV.wav,TRAIN/DR3/FPAZ0/SA2.PHN,34,49374,49340
1292,TRAIN/DR3/FPAZ0/SI1593.WAV.wav,TRAIN/DR3/FPAZ0/SI1593.PHN,24,49398,49374
1293,TRAIN/DR3/FPAZ0/SI2223.WAV.wav,TRAIN/DR3/FPAZ0/SI2223.PHN,63,49461,49398
1294,TRAIN/DR3/FPAZ0/SI963.WAV.wav,TRAIN/DR3/FPAZ0/SI963.PHN,50,49511,49461
1295,TRAIN/DR3/FPAZ0/SX153.WAV.wav,TRAIN/DR3/FPAZ0/SX153.PHN,49,49560,49511
1296,TRAIN/DR3/FPAZ0/SX243.WAV.wav,TRAIN/DR3/FPAZ0/SX243.PHN,40,49600,49560
1297,TRAIN/DR3/FPAZ0/SX27.WAV.wav,TRAIN/DR3/FPAZ0/SX27.PHN,25,49625,49600
1298,TRAIN/DR3/FPAZ0/SX423.WAV.wav,TRAIN/DR3/FPAZ0/SX423.PHN,44,49669,49625
1299,TRAIN/DR3/FPAZ0/SX63.WAV.wav,TRAIN/DR3/FPAZ0/SX63.PHN,36,49705,49669
1300,TRAIN/DR3/FSJS0/SA1.WAV.wav,TRAIN/DR3/FSJS0/SA1.PHN,43,49748,49705
1301,TRAIN/DR3/FSJS0/SA2.WAV.wav,TRAIN/DR3/FSJS0/SA2.PHN,34,49782,49748
1302,TRAIN/DR3/FSJS0/SI1171.WAV.wav,TRAIN/DR3/FSJS0/SI1171.PHN,26,49808,49782
1303,TRAIN/DR3/FSJS0/SI1801.WAV.wav,TRAIN/DR3/FSJS0/SI1801.PHN,44,49852,49808
1304,TRAIN/DR3/FSJS0/SI541.WAV.wav,TRAIN/DR3/FSJS0/SI541.PHN,33,49885,49852
1305,TRAIN/DR3/FSJS0/SX181.WAV.wav,TRAIN/DR3/FSJS0/SX181.PHN,50,49935,49885
1306,TRAIN/DR3/FSJS0/SX271.WAV.wav,TRAIN/DR3/FSJS0/SX271.PHN,33,49968,49935
1307,TRAIN/DR3/FSJS0/SX361.WAV.wav,TRAIN/DR3/FSJS0/SX361.PHN,35,50003,49968
1308,TRAIN/DR3/FSJS0/SX451.WAV.wav,TRAIN/DR3/FSJS0/SX451.PHN,53,50056,50003
1309,TRAIN/DR3/FSJS0/SX91.WAV.wav,TRAIN/DR3/FSJS0/SX91.PHN,41,50097,50056
1310,TRAIN/DR3/FSJW0/SA1.WAV.wav,TRAIN/DR3/FSJW0/SA1.PHN,40,50137,50097
1311,TRAIN/DR3/FSJW0/SA2.WAV.wav,TRAIN/DR3/FSJW0/SA2.PHN,36,50173,50137
1312,TRAIN/DR3/FSJW0/SI1333.WAV.wav,TRAIN/DR3/FSJW0/SI1333.PHN,59,50232,50173
1313,TRAIN/DR3/FSJW0/SI1963.WAV.wav,TRAIN/DR3/FSJW0/SI1963.PHN,38,50270,50232
1314,TRAIN/DR3/FSJW0/SI703.WAV.wav,TRAIN/DR3/FSJW0/SI703.PHN,37,50307,50270
1315,TRAIN/DR3/FSJW0/SX163.WAV.wav,TRAIN/DR3/FSJW0/SX163.PHN,34,50341,50307
1316,TRAIN/DR3/FSJW0/SX253.WAV.wav,TRAIN/DR3/FSJW0/SX253.PHN,25,50366,50341
1317,TRAIN/DR3/FSJW0/SX343.WAV.wav,TRAIN/DR3/FSJW0/SX343.PHN,43,50409,50366
1318,TRAIN/DR3/FSJW0/SX433.WAV.wav,TRAIN/DR3/FSJW0/SX433.PHN,43,50452,50409
1319,TRAIN/DR3/FSJW0/SX73.WAV.wav,TRAIN/DR3/FSJW0/SX73.PHN,37,50489,50452
1320,TRAIN/DR3/FSKC0/SA1.WAV.wav,TRAIN/DR3/FSKC0/SA1.PHN,39,50528,50489
1321,TRAIN/DR3/FSKC0/SA2.WAV.wav,TRAIN/DR3/FSKC0/SA2.PHN,36,50564,50528
1322,TRAIN/DR3/FSKC0/SI1416.WAV.wav,TRAIN/DR3/FSKC0/SI1416.PHN,36,50600,50564
1323,TRAIN/DR3/FSKC0/SI2046.WAV.wav,TRAIN/DR3/FSKC0/SI2046.PHN,45,50645,50600
1324,TRAIN/DR3/FSKC0/SI786.WAV.wav,TRAIN/DR3/FSKC0/SI786.PHN,17,50662,50645
1325,TRAIN/DR3/FSKC0/SX156.WAV.wav,TRAIN/DR3/FSKC0/SX156.PHN,43,50705,50662
1326,TRAIN/DR3/FSKC0/SX246.WAV.wav,TRAIN/DR3/FSKC0/SX246.PHN,30,50735,50705
1327,TRAIN/DR3/FSKC0/SX336.WAV.wav,TRAIN/DR3/FSKC0/SX336.PHN,53,50788,50735
1328,TRAIN/DR3/FSKC0/SX426.WAV.wav,TRAIN/DR3/FSKC0/SX426.PHN,37,50825,50788
1329,TRAIN/DR3/FSKC0/SX66.WAV.wav,TRAIN/DR3/FSKC0/SX66.PHN,34,50859,50825
1330,TRAIN/DR3/FSLS0/SA1.WAV.wav,TRAIN/DR3/FSLS0/SA1.PHN,40,50899,50859
1331,TRAIN/DR3/FSLS0/SA2.WAV.wav,TRAIN/DR3/FSLS0/SA2.PHN,34,50933,50899
1332,TRAIN/DR3/FSLS0/SI1056.WAV.wav,TRAIN/DR3/FSLS0/SI1056.PHN,41,50974,50933
1333,TRAIN/DR3/FSLS0/SI1686.WAV.wav,TRAIN/DR3/FSLS0/SI1686.PHN,43,51017,50974
1334,TRAIN/DR3/FSLS0/SI2316.WAV.wav,TRAIN/DR3/FSLS0/SI2316.PHN,46,51063,51017
1335,TRAIN/DR3/FSLS0/SX156.WAV.wav,TRAIN/DR3/FSLS0/SX156.PHN,48,51111,51063
1336,TRAIN/DR3/FSLS0/SX202.WAV.wav,TRAIN/DR3/FSLS0/SX202.PHN,25,51136,51111
1337,TRAIN/DR3/FSLS0/SX246.WAV.wav,TRAIN/DR3/FSLS0/SX246.PHN,29,51165,51136
1338,TRAIN/DR3/FSLS0/SX426.WAV.wav,TRAIN/DR3/FSLS0/SX426.PHN,40,51205,51165
1339,TRAIN/DR3/FSLS0/SX66.WAV.wav,TRAIN/DR3/FSLS0/SX66.PHN,36,51241,51205
1340,TRAIN/DR3/MADC0/SA1.WAV.wav,TRAIN/DR3/MADC0/SA1.PHN,41,51282,51241
1341,TRAIN/DR3/MADC0/SA2.WAV.wav,TRAIN/DR3/MADC0/SA2.PHN,35,51317,51282
1342,TRAIN/DR3/MADC0/SI1367.WAV.wav,TRAIN/DR3/MADC0/SI1367.PHN,64,51381,51317
1343,TRAIN/DR3/MADC0/SI1997.WAV.wav,TRAIN/DR3/MADC0/SI1997.PHN,26,51407,51381
1344,TRAIN/DR3/MADC0/SI737.WAV.wav,TRAIN/DR3/MADC0/SI737.PHN,56,51463,51407
1345,TRAIN/DR3/MADC0/SX107.WAV.wav,TRAIN/DR3/MADC0/SX107.PHN,36,51499,51463
1346,TRAIN/DR3/MADC0/SX17.WAV.wav,TRAIN/DR3/MADC0/SX17.PHN,20,51519,51499
1347,TRAIN/DR3/MADC0/SX197.WAV.wav,TRAIN/DR3/MADC0/SX197.PHN,23,51542,51519
1348,TRAIN/DR3/MADC0/SX287.WAV.wav,TRAIN/DR3/MADC0/SX287.PHN,41,51583,51542
1349,TRAIN/DR3/MADC0/SX377.WAV.wav,TRAIN/DR3/MADC0/SX377.PHN,40,51623,51583
1350,TRAIN/DR3/MAKB0/SA1.WAV.wav,TRAIN/DR3/MAKB0/SA1.PHN,40,51663,51623
1351,TRAIN/DR3/MAKB0/SA2.WAV.wav,TRAIN/DR3/MAKB0/SA2.PHN,33,51696,51663
1352,TRAIN/DR3/MAKB0/SI1016.WAV.wav,TRAIN/DR3/MAKB0/SI1016.PHN,53,51749,51696
1353,TRAIN/DR3/MAKB0/SI1646.WAV.wav,TRAIN/DR3/MAKB0/SI1646.PHN,30,51779,51749
1354,TRAIN/DR3/MAKB0/SI2276.WAV.wav,TRAIN/DR3/MAKB0/SI2276.PHN,61,51840,51779
1355,TRAIN/DR3/MAKB0/SX116.WAV.wav,TRAIN/DR3/MAKB0/SX116.PHN,28,51868,51840
1356,TRAIN/DR3/MAKB0/SX206.WAV.wav,TRAIN/DR3/MAKB0/SX206.PHN,41,51909,51868
1357,TRAIN/DR3/MAKB0/SX26.WAV.wav,TRAIN/DR3/MAKB0/SX26.PHN,26,51935,51909
1358,TRAIN/DR3/MAKB0/SX296.WAV.wav,TRAIN/DR3/MAKB0/SX296.PHN,35,51970,51935
1359,TRAIN/DR3/MAKB0/SX386.WAV.wav,TRAIN/DR3/MAKB0/SX386.PHN,31,52001,51970
1360,TRAIN/DR3/MAKR0/SA1.WAV.wav,TRAIN/DR3/MAKR0/SA1.PHN,38,52039,52001
1361,TRAIN/DR3/MAKR0/SA2.WAV.wav,TRAIN/DR3/MAKR0/SA2.PHN,30,52069,52039
1362,TRAIN/DR3/MAKR0/SI1352.WAV.wav,TRAIN/DR3/MAKR0/SI1352.PHN,32,52101,52069
1363,TRAIN/DR3/MAKR0/SI1982.WAV.wav,TRAIN/DR3/MAKR0/SI1982.PHN,43,52144,52101
1364,TRAIN/DR3/MAKR0/SI722.WAV.wav,TRAIN/DR3/MAKR0/SI722.PHN,34,52178,52144
1365,TRAIN/DR3/MAKR0/SX182.WAV.wav,TRAIN/DR3/MAKR0/SX182.PHN,20,52198,52178
1366,TRAIN/DR3/MAKR0/SX272.WAV.wav,TRAIN/DR3/MAKR0/SX272.PHN,26,52224,52198
1367,TRAIN/DR3/MAKR0/SX362.WAV.wav,TRAIN/DR3/MAKR0/SX362.PHN,43,52267,52224
1368,TRAIN/DR3/MAKR0/SX452.WAV.wav,TRAIN/DR3/MAKR0/SX452.PHN,40,52307,52267
1369,TRAIN/DR3/MAKR0/SX92.WAV.wav,TRAIN/DR3/MAKR0/SX92.PHN,34,52341,52307
1370,TRAIN/DR3/MAPV0/SA1.WAV.wav,TRAIN/DR3/MAPV0/SA1.PHN,41,52382,52341
1371,TRAIN/DR3/MAPV0/SA2.WAV.wav,TRAIN/DR3/MAPV0/SA2.PHN,36,52418,52382
1372,TRAIN/DR3/MAPV0/SI1293.WAV.wav,TRAIN/DR3/MAPV0/SI1293.PHN,64,52482,52418
1373,TRAIN/DR3/MAPV0/SI1923.WAV.wav,TRAIN/DR3/MAPV0/SI1923.PHN,33,52515,52482
1374,TRAIN/DR3/MAPV0/SI663.WAV.wav,TRAIN/DR3/MAPV0/SI663.PHN,47,52562,52515
1375,TRAIN/DR3/MAPV0/SX123.WAV.wav,TRAIN/DR3/MAPV0/SX123.PHN,45,52607,52562
1376,TRAIN/DR3/MAPV0/SX213.WAV.wav,TRAIN/DR3/MAPV0/SX213.PHN,33,52640,52607
1377,TRAIN/DR3/MAPV0/SX303.WAV.wav,TRAIN/DR3/MAPV0/SX303.PHN,30,52670,52640
1378,TRAIN/DR3/MAPV0/SX33.WAV.wav,TRAIN/DR3/MAPV0/SX33.PHN,31,52701,52670
1379,TRAIN/DR3/MAPV0/SX393.WAV.wav,TRAIN/DR3/MAPV0/SX393.PHN,35,52736,52701
1380,TRAIN/DR3/MBEF0/SA1.WAV.wav,TRAIN/DR3/MBEF0/SA1.PHN,37,52773,52736
1381,TRAIN/DR3/MBEF0/SA2.WAV.wav,TRAIN/DR3/MBEF0/SA2.PHN,31,52804,52773
1382,TRAIN/DR3/MBEF0/SI1281.WAV.wav,TRAIN/DR3/MBEF0/SI1281.PHN,55,52859,52804
1383,TRAIN/DR3/MBEF0/SI1911.WAV.wav,TRAIN/DR3/MBEF0/SI1911.PHN,36,52895,52859
1384,TRAIN/DR3/MBEF0/SI651.WAV.wav,TRAIN/DR3/MBEF0/SI651.PHN,57,52952,52895
1385,TRAIN/DR3/MBEF0/SX111.WAV.wav,TRAIN/DR3/MBEF0/SX111.PHN,28,52980,52952
1386,TRAIN/DR3/MBEF0/SX201.WAV.wav,TRAIN/DR3/MBEF0/SX201.PHN,36,53016,52980
1387,TRAIN/DR3/MBEF0/SX21.WAV.wav,TRAIN/DR3/MBEF0/SX21.PHN,20,53036,53016
1388,TRAIN/DR3/MBEF0/SX291.WAV.wav,TRAIN/DR3/MBEF0/SX291.PHN,31,53067,53036
1389,TRAIN/DR3/MBEF0/SX381.WAV.wav,TRAIN/DR3/MBEF0/SX381.PHN,29,53096,53067
1390,TRAIN/DR3/MCAL0/SA1.WAV.wav,TRAIN/DR3/MCAL0/SA1.PHN,40,53136,53096
1391,TRAIN/DR3/MCAL0/SA2.WAV.wav,TRAIN/DR3/MCAL0/SA2.PHN,36,53172,53136
1392,TRAIN/DR3/MCAL0/SI1138.WAV.wav,TRAIN/DR3/MCAL0/SI1138.PHN,60,53232,53172
1393,TRAIN/DR3/MCAL0/SI1768.WAV.wav,TRAIN/DR3/MCAL0/SI1768.PHN,22,53254,53232
1394,TRAIN/DR3/MCAL0/SI508.WAV.wav,TRAIN/DR3/MCAL0/SI508.PHN,22,53276,53254
1395,TRAIN/DR3/MCAL0/SX148.WAV.wav,TRAIN/DR3/MCAL0/SX148.PHN,39,53315,53276
1396,TRAIN/DR3/MCAL0/SX238.WAV.wav,TRAIN/DR3/MCAL0/SX238.PHN,36,53351,53315
1397,TRAIN/DR3/MCAL0/SX328.WAV.wav,TRAIN/DR3/MCAL0/SX328.PHN,46,53397,53351
1398,TRAIN/DR3/MCAL0/SX418.WAV.wav,TRAIN/DR3/MCAL0/SX418.PHN,40,53437,53397
1399,TRAIN/DR3/MCAL0/SX58.WAV.wav,TRAIN/DR3/MCAL0/SX58.PHN,53,53490,53437
1400,TRAIN/DR3/MCDC0/SA1.WAV.wav,TRAIN/DR3/MCDC0/SA1.PHN,42,53532,53490
1401,TRAIN/DR3/MCDC0/SA2.WAV.wav,TRAIN/DR3/MCDC0/SA2.PHN,36,53568,53532
1402,TRAIN/DR3/MCDC0/SI1292.WAV.wav,TRAIN/DR3/MCDC0/SI1292.PHN,35,53603,53568
1403,TRAIN/DR3/MCDC0/SI1922.WAV.wav,TRAIN/DR3/MCDC0/SI1922.PHN,32,53635,53603
1404,TRAIN/DR3/MCDC0/SI662.WAV.wav,TRAIN/DR3/MCDC0/SI662.PHN,33,53668,53635
1405,TRAIN/DR3/MCDC0/SX122.WAV.wav,TRAIN/DR3/MCDC0/SX122.PHN,48,53716,53668
1406,TRAIN/DR3/MCDC0/SX212.WAV.wav,TRAIN/DR3/MCDC0/SX212.PHN,43,53759,53716
1407,TRAIN/DR3/MCDC0/SX302.WAV.wav,TRAIN/DR3/MCDC0/SX302.PHN,28,53787,53759
1408,TRAIN/DR3/MCDC0/SX32.WAV.wav,TRAIN/DR3/MCDC0/SX32.PHN,38,53825,53787
1409,TRAIN/DR3/MCDC0/SX392.WAV.wav,TRAIN/DR3/MCDC0/SX392.PHN,44,53869,53825
1410,TRAIN/DR3/MCDD0/SA1.WAV.wav,TRAIN/DR3/MCDD0/SA1.PHN,39,53908,53869
1411,TRAIN/DR3/MCDD0/SA2.WAV.wav,TRAIN/DR3/MCDD0/SA2.PHN,32,53940,53908
1412,TRAIN/DR3/MCDD0/SI1513.WAV.wav,TRAIN/DR3/MCDD0/SI1513.PHN,26,53966,53940
1413,TRAIN/DR3/MCDD0/SI2143.WAV.wav,TRAIN/DR3/MCDD0/SI2143.PHN,33,53999,53966
1414,TRAIN/DR3/MCDD0/SI883.WAV.wav,TRAIN/DR3/MCDD0/SI883.PHN,39,54038,53999
1415,TRAIN/DR3/MCDD0/SX163.WAV.wav,TRAIN/DR3/MCDD0/SX163.PHN,37,54075,54038
1416,TRAIN/DR3/MCDD0/SX253.WAV.wav,TRAIN/DR3/MCDD0/SX253.PHN,30,54105,54075
1417,TRAIN/DR3/MCDD0/SX343.WAV.wav,TRAIN/DR3/MCDD0/SX343.PHN,47,54152,54105
1418,TRAIN/DR3/MCDD0/SX433.WAV.wav,TRAIN/DR3/MCDD0/SX433.PHN,44,54196,54152
1419,TRAIN/DR3/MCDD0/SX73.WAV.wav,TRAIN/DR3/MCDD0/SX73.PHN,38,54234,54196
1420,TRAIN/DR3/MCEF0/SA1.WAV.wav,TRAIN/DR3/MCEF0/SA1.PHN,42,54276,54234
1421,TRAIN/DR3/MCEF0/SA2.WAV.wav,TRAIN/DR3/MCEF0/SA2.PHN,35,54311,54276
1422,TRAIN/DR3/MCEF0/SI1135.WAV.wav,TRAIN/DR3/MCEF0/SI1135.PHN,37,54348,54311
1423,TRAIN/DR3/MCEF0/SI1765.WAV.wav,TRAIN/DR3/MCEF0/SI1765.PHN,35,54383,54348
1424,TRAIN/DR3/MCEF0/SI842.WAV.wav,TRAIN/DR3/MCEF0/SI842.PHN,66,54449,54383
1425,TRAIN/DR3/MCEF0/SX145.WAV.wav,TRAIN/DR3/MCEF0/SX145.PHN,41,54490,54449
1426,TRAIN/DR3/MCEF0/SX235.WAV.wav,TRAIN/DR3/MCEF0/SX235.PHN,35,54525,54490
1427,TRAIN/DR3/MCEF0/SX325.WAV.wav,TRAIN/DR3/MCEF0/SX325.PHN,27,54552,54525
1428,TRAIN/DR3/MCEF0/SX415.WAV.wav,TRAIN/DR3/MCEF0/SX415.PHN,37,54589,54552
1429,TRAIN/DR3/MCEF0/SX55.WAV.wav,TRAIN/DR3/MCEF0/SX55.PHN,43,54632,54589
1430,TRAIN/DR3/MDBB1/SA1.WAV.wav,TRAIN/DR3/MDBB1/SA1.PHN,39,54671,54632
1431,TRAIN/DR3/MDBB1/SA2.WAV.wav,TRAIN/DR3/MDBB1/SA2.PHN,33,54704,54671
1432,TRAIN/DR3/MDBB1/SI1006.WAV.wav,TRAIN/DR3/MDBB1/SI1006.PHN,49,54753,54704
1433,TRAIN/DR3/MDBB1/SI1636.WAV.wav,TRAIN/DR3/MDBB1/SI1636.PHN,27,54780,54753
1434,TRAIN/DR3/MDBB1/SI2056.WAV.wav,TRAIN/DR3/MDBB1/SI2056.PHN,52,54832,54780
1435,TRAIN/DR3/MDBB1/SX106.WAV.wav,TRAIN/DR3/MDBB1/SX106.PHN,32,54864,54832
1436,TRAIN/DR3/MDBB1/SX16.WAV.wav,TRAIN/DR3/MDBB1/SX16.PHN,21,54885,54864
1437,TRAIN/DR3/MDBB1/SX196.WAV.wav,TRAIN/DR3/MDBB1/SX196.PHN,21,54906,54885
1438,TRAIN/DR3/MDBB1/SX286.WAV.wav,TRAIN/DR3/MDBB1/SX286.PHN,51,54957,54906
1439,TRAIN/DR3/MDBB1/SX376.WAV.wav,TRAIN/DR3/MDBB1/SX376.PHN,43,55000,54957
1440,TRAIN/DR3/MDDC0/SA1.WAV.wav,TRAIN/DR3/MDDC0/SA1.PHN,41,55041,55000
1441,TRAIN/DR3/MDDC0/SA2.WAV.wav,TRAIN/DR3/MDDC0/SA2.PHN,35,55076,55041
1442,TRAIN/DR3/MDDC0/SI1419.WAV.wav,TRAIN/DR3/MDDC0/SI1419.PHN,63,55139,55076
1443,TRAIN/DR3/MDDC0/SI2049.WAV.wav,TRAIN/DR3/MDDC0/SI2049.PHN,17,55156,55139
1444,TRAIN/DR3/MDDC0/SI789.WAV.wav,TRAIN/DR3/MDDC0/SI789.PHN,43,55199,55156
1445,TRAIN/DR3/MDDC0/SX159.WAV.wav,TRAIN/DR3/MDDC0/SX159.PHN,40,55239,55199
1446,TRAIN/DR3/MDDC0/SX249.WAV.wav,TRAIN/DR3/MDDC0/SX249.PHN,29,55268,55239
1447,TRAIN/DR3/MDDC0/SX339.WAV.wav,TRAIN/DR3/MDDC0/SX339.PHN,32,55300,55268
1448,TRAIN/DR3/MDDC0/SX429.WAV.wav,TRAIN/DR3/MDDC0/SX429.PHN,38,55338,55300
1449,TRAIN/DR3/MDDC0/SX69.WAV.wav,TRAIN/DR3/MDDC0/SX69.PHN,34,55372,55338
1450,TRAIN/DR3/MDEF0/SA1.WAV.wav,TRAIN/DR3/MDEF0/SA1.PHN,38,55410,55372
1451,TRAIN/DR3/MDEF0/SA2.WAV.wav,TRAIN/DR3/MDEF0/SA2.PHN,33,55443,55410
1452,TRAIN/DR3/MDEF0/SI1123.WAV.wav,TRAIN/DR3/MDEF0/SI1123.PHN,57,55500,55443
1453,TRAIN/DR3/MDEF0/SI1563.WAV.wav,TRAIN/DR3/MDEF0/SI1563.PHN,38,55538,55500
1454,TRAIN/DR3/MDEF0/SI2193.WAV.wav,TRAIN/DR3/MDEF0/SI2193.PHN,34,55572,55538
1455,TRAIN/DR3/MDEF0/SX123.WAV.wav,TRAIN/DR3/MDEF0/SX123.PHN,35,55607,55572
1456,TRAIN/DR3/MDEF0/SX213.WAV.wav,TRAIN/DR3/MDEF0/SX213.PHN,31,55638,55607
1457,TRAIN/DR3/MDEF0/SX303.WAV.wav,TRAIN/DR3/MDEF0/SX303.PHN,28,55666,55638
1458,TRAIN/DR3/MDEF0/SX33.WAV.wav,TRAIN/DR3/MDEF0/SX33.PHN,32,55698,55666
1459,TRAIN/DR3/MDEF0/SX393.WAV.wav,TRAIN/DR3/MDEF0/SX393.PHN,30,55728,55698
1460,TRAIN/DR3/MDHS0/SA1.WAV.wav,TRAIN/DR3/MDHS0/SA1.PHN,41,55769,55728
1461,TRAIN/DR3/MDHS0/SA2.WAV.wav,TRAIN/DR3/MDHS0/SA2.PHN,33,55802,55769
1462,TRAIN/DR3/MDHS0/SI1530.WAV.wav,TRAIN/DR3/MDHS0/SI1530.PHN,33,55835,55802
1463,TRAIN/DR3/MDHS0/SI2160.WAV.wav,TRAIN/DR3/MDHS0/SI2160.PHN,36,55871,55835
1464,TRAIN/DR3/MDHS0/SI900.WAV.wav,TRAIN/DR3/MDHS0/SI900.PHN,56,55927,55871
1465,TRAIN/DR3/MDHS0/SX180.WAV.wav,TRAIN/DR3/MDHS0/SX180.PHN,35,55962,55927
1466,TRAIN/DR3/MDHS0/SX270.WAV.wav,TRAIN/DR3/MDHS0/SX270.PHN,32,55994,55962
1467,TRAIN/DR3/MDHS0/SX360.WAV.wav,TRAIN/DR3/MDHS0/SX360.PHN,32,56026,55994
1468,TRAIN/DR3/MDHS0/SX450.WAV.wav,TRAIN/DR3/MDHS0/SX450.PHN,47,56073,56026
1469,TRAIN/DR3/MDHS0/SX90.WAV.wav,TRAIN/DR3/MDHS0/SX90.PHN,25,56098,56073
1470,TRAIN/DR3/MDJM0/SA1.WAV.wav,TRAIN/DR3/MDJM0/SA1.PHN,42,56140,56098
1471,TRAIN/DR3/MDJM0/SA2.WAV.wav,TRAIN/DR3/MDJM0/SA2.PHN,32,56172,56140
1472,TRAIN/DR3/MDJM0/SI1455.WAV.wav,TRAIN/DR3/MDJM0/SI1455.PHN,65,56237,56172
1473,TRAIN/DR3/MDJM0/SI2085.WAV.wav,TRAIN/DR3/MDJM0/SI2085.PHN,38,56275,56237
1474,TRAIN/DR3/MDJM0/SI825.WAV.wav,TRAIN/DR3/MDJM0/SI825.PHN,37,56312,56275
1475,TRAIN/DR3/MDJM0/SX105.WAV.wav,TRAIN/DR3/MDJM0/SX105.PHN,32,56344,56312
1476,TRAIN/DR3/MDJM0/SX15.WAV.wav,TRAIN/DR3/MDJM0/SX15.PHN,34,56378,56344
1477,TRAIN/DR3/MDJM0/SX195.WAV.wav,TRAIN/DR3/MDJM0/SX195.PHN,23,56401,56378
1478,TRAIN/DR3/MDJM0/SX285.WAV.wav,TRAIN/DR3/MDJM0/SX285.PHN,29,56430,56401
1479,TRAIN/DR3/MDJM0/SX375.WAV.wav,TRAIN/DR3/MDJM0/SX375.PHN,41,56471,56430
1480,TRAIN/DR3/MDLC0/SA1.WAV.wav,TRAIN/DR3/MDLC0/SA1.PHN,41,56512,56471
1481,TRAIN/DR3/MDLC0/SA2.WAV.wav,TRAIN/DR3/MDLC0/SA2.PHN,35,56547,56512
1482,TRAIN/DR3/MDLC0/SI1395.WAV.wav,TRAIN/DR3/MDLC0/SI1395.PHN,68,56615,56547
1483,TRAIN/DR3/MDLC0/SI2025.WAV.wav,TRAIN/DR3/MDLC0/SI2025.PHN,47,56662,56615
1484,TRAIN/DR3/MDLC0/SI765.WAV.wav,TRAIN/DR3/MDLC0/SI765.PHN,20,56682,56662
1485,TRAIN/DR3/MDLC0/SX135.WAV.wav,TRAIN/DR3/MDLC0/SX135.PHN,43,56725,56682
1486,TRAIN/DR3/MDLC0/SX225.WAV.wav,TRAIN/DR3/MDLC0/SX225.PHN,28,56753,56725
1487,TRAIN/DR3/MDLC0/SX315.WAV.wav,TRAIN/DR3/MDLC0/SX315.PHN,30,56783,56753
1488,TRAIN/DR3/MDLC0/SX405.WAV.wav,TRAIN/DR3/MDLC0/SX405.PHN,38,56821,56783
1489,TRAIN/DR3/MDLC0/SX45.WAV.wav,TRAIN/DR3/MDLC0/SX45.PHN,34,56855,56821
1490,TRAIN/DR3/MDLH0/SA1.WAV.wav,TRAIN/DR3/MDLH0/SA1.PHN,40,56895,56855
1491,TRAIN/DR3/MDLH0/SA2.WAV.wav,TRAIN/DR3/MDLH0/SA2.PHN,33,56928,56895
1492,TRAIN/DR3/MDLH0/SI1960.WAV.wav,TRAIN/DR3/MDLH0/SI1960.PHN,35,56963,56928
1493,TRAIN/DR3/MDLH0/SI574.WAV.wav,TRAIN/DR3/MDLH0/SI574.PHN,24,56987,56963
1494,TRAIN/DR3/MDLH0/SI700.WAV.wav,TRAIN/DR3/MDLH0/SI700.PHN,41,57028,56987
1495,TRAIN/DR3/MDLH0/SX160.WAV.wav,TRAIN/DR3/MDLH0/SX160.PHN,47,57075,57028
1496,TRAIN/DR3/MDLH0/SX250.WAV.wav,TRAIN/DR3/MDLH0/SX250.PHN,39,57114,57075
1497,TRAIN/DR3/MDLH0/SX340.WAV.wav,TRAIN/DR3/MDLH0/SX340.PHN,31,57145,57114
1498,TRAIN/DR3/MDLH0/SX430.WAV.wav,TRAIN/DR3/MDLH0/SX430.PHN,47,57192,57145
1499,TRAIN/DR3/MDLH0/SX70.WAV.wav,TRAIN/DR3/MDLH0/SX70.PHN,12,57204,57192
1500,TRAIN/DR3/MDNS0/SA1.WAV.wav,TRAIN/DR3/MDNS0/SA1.PHN,41,57245,57204
1501,TRAIN/DR3/MDNS0/SA2.WAV.wav,TRAIN/DR3/MDNS0/SA2.PHN,33,57278,57245
1502,TRAIN/DR3/MDNS0/SI1011.WAV.wav,TRAIN/DR3/MDNS0/SI1011.PHN,61,57339,57278
1503,TRAIN/DR3/MDNS0/SI2271.WAV.wav,TRAIN/DR3/MDNS0/SI2271.PHN,26,57365,57339
1504,TRAIN/DR3/MDNS0/SI873.WAV.wav,TRAIN/DR3/MDNS0/SI873.PHN,63,57428,57365
1505,TRAIN/DR3/MDNS0/SX111.WAV.wav,TRAIN/DR3/MDNS0/SX111.PHN,31,57459,57428
1506,TRAIN/DR3/MDNS0/SX201.WAV.wav,TRAIN/DR3/MDNS0/SX201.PHN,38,57497,57459
1507,TRAIN/DR3/MDNS0/SX21.WAV.wav,TRAIN/DR3/MDNS0/SX21.PHN,23,57520,57497
1508,TRAIN/DR3/MDNS0/SX291.WAV.wav,TRAIN/DR3/MDNS0/SX291.PHN,34,57554,57520
1509,TRAIN/DR3/MDNS0/SX381.WAV.wav,TRAIN/DR3/MDNS0/SX381.PHN,31,57585,57554
1510,TRAIN/DR3/MDSS1/SA1.WAV.wav,TRAIN/DR3/MDSS1/SA1.PHN,40,57625,57585
1511,TRAIN/DR3/MDSS1/SA2.WAV.wav,TRAIN/DR3/MDSS1/SA2.PHN,31,57656,57625
1512,TRAIN/DR3/MDSS1/SI1327.WAV.wav,TRAIN/DR3/MDSS1/SI1327.PHN,45,57701,57656
1513,TRAIN/DR3/MDSS1/SI1713.WAV.wav,TRAIN/DR3/MDSS1/SI1713.PHN,17,57718,57701
1514,TRAIN/DR3/MDSS1/SI697.WAV.wav,TRAIN/DR3/MDSS1/SI697.PHN,57,57775,57718
1515,TRAIN/DR3/MDSS1/SX157.WAV.wav,TRAIN/DR3/MDSS1/SX157.PHN,31,57806,57775
1516,TRAIN/DR3/MDSS1/SX247.WAV.wav,TRAIN/DR3/MDSS1/SX247.PHN,44,57850,57806
1517,TRAIN/DR3/MDSS1/SX337.WAV.wav,TRAIN/DR3/MDSS1/SX337.PHN,37,57887,57850
1518,TRAIN/DR3/MDSS1/SX427.WAV.wav,TRAIN/DR3/MDSS1/SX427.PHN,27,57914,57887
1519,TRAIN/DR3/MDSS1/SX67.WAV.wav,TRAIN/DR3/MDSS1/SX67.PHN,40,57954,57914
1520,TRAIN/DR3/MDTB0/SA1.WAV.wav,TRAIN/DR3/MDTB0/SA1.PHN,40,57994,57954
1521,TRAIN/DR3/MDTB0/SA2.WAV.wav,TRAIN/DR3/MDTB0/SA2.PHN,34,58028,57994
1522,TRAIN/DR3/MDTB0/SI1200.WAV.wav,TRAIN/DR3/MDTB0/SI1200.PHN,36,58064,58028
1523,TRAIN/DR3/MDTB0/SI1830.WAV.wav,TRAIN/DR3/MDTB0/SI1830.PHN,37,58101,58064
1524,TRAIN/DR3/MDTB0/SI570.WAV.wav,TRAIN/DR3/MDTB0/SI570.PHN,55,58156,58101
1525,TRAIN/DR3/MDTB0/SX120.WAV.wav,TRAIN/DR3/MDTB0/SX120.PHN,37,58193,58156
1526,TRAIN/DR3/MDTB0/SX210.WAV.wav,TRAIN/DR3/MDTB0/SX210.PHN,25,58218,58193
1527,TRAIN/DR3/MDTB0/SX300.WAV.wav,TRAIN/DR3/MDTB0/SX300.PHN,29,58247,58218
1528,TRAIN/DR3/MDTB0/SX321.WAV.wav,TRAIN/DR3/MDTB0/SX321.PHN,51,58298,58247
1529,TRAIN/DR3/MDTB0/SX390.WAV.wav,TRAIN/DR3/MDTB0/SX390.PHN,38,58336,58298
1530,TRAIN/DR3/MDWM0/SA1.WAV.wav,TRAIN/DR3/MDWM0/SA1.PHN,40,58376,58336
1531,TRAIN/DR3/MDWM0/SA2.WAV.wav,TRAIN/DR3/MDWM0/SA2.PHN,33,58409,58376
1532,TRAIN/DR3/MDWM0/SI1546.WAV.wav,TRAIN/DR3/MDWM0/SI1546.PHN,35,58444,58409
1533,TRAIN/DR3/MDWM0/SI2176.WAV.wav,TRAIN/DR3/MDWM0/SI2176.PHN,33,58477,58444
1534,TRAIN/DR3/MDWM0/SI916.WAV.wav,TRAIN/DR3/MDWM0/SI916.PHN,50,58527,58477
1535,TRAIN/DR3/MDWM0/SX106.WAV.wav,TRAIN/DR3/MDWM0/SX106.PHN,31,58558,58527
1536,TRAIN/DR3/MDWM0/SX16.WAV.wav,TRAIN/DR3/MDWM0/SX16.PHN,22,58580,58558
1537,TRAIN/DR3/MDWM0/SX286.WAV.wav,TRAIN/DR3/MDWM0/SX286.PHN,52,58632,58580
1538,TRAIN/DR3/MDWM0/SX376.WAV.wav,TRAIN/DR3/MDWM0/SX376.PHN,42,58674,58632
1539,TRAIN/DR3/MDWM0/SX433.WAV.wav,TRAIN/DR3/MDWM0/SX433.PHN,42,58716,58674
1540,TRAIN/DR3/MFMC0/SA1.WAV.wav,TRAIN/DR3/MFMC0/SA1.PHN,41,58757,58716
1541,TRAIN/DR3/MFMC0/SA2.WAV.wav,TRAIN/DR3/MFMC0/SA2.PHN,33,58790,58757
1542,TRAIN/DR3/MFMC0/SI1132.WAV.wav,TRAIN/DR3/MFMC0/SI1132.PHN,42,58832,58790
1543,TRAIN/DR3/MFMC0/SI1762.WAV.wav,TRAIN/DR3/MFMC0/SI1762.PHN,38,58870,58832
1544,TRAIN/DR3/MFMC0/SI502.WAV.wav,TRAIN/DR3/MFMC0/SI502.PHN,33,58903,58870
1545,TRAIN/DR3/MFMC0/SX142.WAV.wav,TRAIN/DR3/MFMC0/SX142.PHN,49,58952,58903
1546,TRAIN/DR3/MFMC0/SX232.WAV.wav,TRAIN/DR3/MFMC0/SX232.PHN,46,58998,58952
1547,TRAIN/DR3/MFMC0/SX322.WAV.wav,TRAIN/DR3/MFMC0/SX322.PHN,35,59033,58998
1548,TRAIN/DR3/MFMC0/SX412.WAV.wav,TRAIN/DR3/MFMC0/SX412.PHN,43,59076,59033
1549,TRAIN/DR3/MFMC0/SX52.WAV.wav,TRAIN/DR3/MFMC0/SX52.PHN,45,59121,59076
1550,TRAIN/DR3/MGAF0/SA1.WAV.wav,TRAIN/DR3/MGAF0/SA1.PHN,39,59160,59121
1551,TRAIN/DR3/MGAF0/SA2.WAV.wav,TRAIN/DR3/MGAF0/SA2.PHN,32,59192,59160
1552,TRAIN/DR3/MGAF0/SI1282.WAV.wav,TRAIN/DR3/MGAF0/SI1282.PHN,61,59253,59192
1553,TRAIN/DR3/MGAF0/SI1912.WAV.wav,TRAIN/DR3/MGAF0/SI1912.PHN,56,59309,59253
1554,TRAIN/DR3/MGAF0/SI652.WAV.wav,TRAIN/DR3/MGAF0/SI652.PHN,34,59343,59309
1555,TRAIN/DR3/MGAF0/SX112.WAV.wav,TRAIN/DR3/MGAF0/SX112.PHN,36,59379,59343
1556,TRAIN/DR3/MGAF0/SX202.WAV.wav,TRAIN/DR3/MGAF0/SX202.PHN,24,59403,59379
1557,TRAIN/DR3/MGAF0/SX22.WAV.wav,TRAIN/DR3/MGAF0/SX22.PHN,21,59424,59403
1558,TRAIN/DR3/MGAF0/SX292.WAV.wav,TRAIN/DR3/MGAF0/SX292.PHN,49,59473,59424
1559,TRAIN/DR3/MGAF0/SX382.WAV.wav,TRAIN/DR3/MGAF0/SX382.PHN,37,59510,59473
1560,TRAIN/DR3/MHJB0/SA1.WAV.wav,TRAIN/DR3/MHJB0/SA1.PHN,40,59550,59510
1561,TRAIN/DR3/MHJB0/SA2.WAV.wav,TRAIN/DR3/MHJB0/SA2.PHN,29,59579,59550
1562,TRAIN/DR3/MHJB0/SI1017.WAV.wav,TRAIN/DR3/MHJB0/SI1017.PHN,36,59615,59579
1563,TRAIN/DR3/MHJB0/SI1647.WAV.wav,TRAIN/DR3/MHJB0/SI1647.PHN,39,59654,59615
1564,TRAIN/DR3/MHJB0/SI2277.WAV.wav,TRAIN/DR3/MHJB0/SI2277.PHN,57,59711,59654
1565,TRAIN/DR3/MHJB0/SX117.WAV.wav,TRAIN/DR3/MHJB0/SX117.PHN,32,59743,59711
1566,TRAIN/DR3/MHJB0/SX207.WAV.wav,TRAIN/DR3/MHJB0/SX207.PHN,23,59766,59743
1567,TRAIN/DR3/MHJB0/SX27.WAV.wav,TRAIN/DR3/MHJB0/SX27.PHN,26,59792,59766
1568,TRAIN/DR3/MHJB0/SX297.WAV.wav,TRAIN/DR3/MHJB0/SX297.PHN,31,59823,59792
1569,TRAIN/DR3/MHJB0/SX387.WAV.wav,TRAIN/DR3/MHJB0/SX387.PHN,40,59863,59823
1570,TRAIN/DR3/MHMR0/SA1.WAV.wav,TRAIN/DR3/MHMR0/SA1.PHN,39,59902,59863
1571,TRAIN/DR3/MHMR0/SA2.WAV.wav,TRAIN/DR3/MHMR0/SA2.PHN,31,59933,59902
1572,TRAIN/DR3/MHMR0/SI1119.WAV.wav,TRAIN/DR3/MHMR0/SI1119.PHN,33,59966,59933
1573,TRAIN/DR3/MHMR0/SI1692.WAV.wav,TRAIN/DR3/MHMR0/SI1692.PHN,57,60023,59966
1574,TRAIN/DR3/MHMR0/SI489.WAV.wav,TRAIN/DR3/MHMR0/SI489.PHN,33,60056,60023
1575,TRAIN/DR3/MHMR0/SX129.WAV.wav,TRAIN/DR3/MHMR0/SX129.PHN,27,60083,60056
1576,TRAIN/DR3/MHMR0/SX219.WAV.wav,TRAIN/DR3/MHMR0/SX219.PHN,44,60127,60083
1577,TRAIN/DR3/MHMR0/SX309.WAV.wav,TRAIN/DR3/MHMR0/SX309.PHN,42,60169,60127
1578,TRAIN/DR3/MHMR0/SX39.WAV.wav,TRAIN/DR3/MHMR0/SX39.PHN,41,60210,60169
1579,TRAIN/DR3/MHMR0/SX399.WAV.wav,TRAIN/DR3/MHMR0/SX399.PHN,27,60237,60210
1580,TRAIN/DR3/MILB0/SA1.WAV.wav,TRAIN/DR3/MILB0/SA1.PHN,39,60276,60237
1581,TRAIN/DR3/MILB0/SA2.WAV.wav,TRAIN/DR3/MILB0/SA2.PHN,31,60307,60276
1582,TRAIN/DR3/MILB0/SI2163.WAV.wav,TRAIN/DR3/MILB0/SI2163.PHN,34,60341,60307
1583,TRAIN/DR3/MILB0/SI807.WAV.wav,TRAIN/DR3/MILB0/SI807.PHN,54,60395,60341
1584,TRAIN/DR3/MILB0/SI903.WAV.wav,TRAIN/DR3/MILB0/SI903.PHN,68,60463,60395
1585,TRAIN/DR3/MILB0/SX183.WAV.wav,TRAIN/DR3/MILB0/SX183.PHN,28,60491,60463
1586,TRAIN/DR3/MILB0/SX273.WAV.wav,TRAIN/DR3/MILB0/SX273.PHN,34,60525,60491
1587,TRAIN/DR3/MILB0/SX3.WAV.wav,TRAIN/DR3/MILB0/SX3.PHN,14,60539,60525
1588,TRAIN/DR3/MILB0/SX363.WAV.wav,TRAIN/DR3/MILB0/SX363.PHN,42,60581,60539
1589,TRAIN/DR3/MILB0/SX93.WAV.wav,TRAIN/DR3/MILB0/SX93.PHN,25,60606,60581
1590,TRAIN/DR3/MJDA0/SA1.WAV.wav,TRAIN/DR3/MJDA0/SA1.PHN,38,60644,60606
1591,TRAIN/DR3/MJDA0/SA2.WAV.wav,TRAIN/DR3/MJDA0/SA2.PHN,30,60674,60644
1592,TRAIN/DR3/MJDA0/SI1031.WAV.wav,TRAIN/DR3/MJDA0/SI1031.PHN,17,60691,60674
1593,TRAIN/DR3/MJDA0/SI1661.WAV.wav,TRAIN/DR3/MJDA0/SI1661.PHN,17,60708,60691
1594,TRAIN/DR3/MJDA0/SI2291.WAV.wav,TRAIN/DR3/MJDA0/SI2291.PHN,38,60746,60708
1595,TRAIN/DR3/MJDA0/SX131.WAV.wav,TRAIN/DR3/MJDA0/SX131.PHN,34,60780,60746
1596,TRAIN/DR3/MJDA0/SX221.WAV.wav,TRAIN/DR3/MJDA0/SX221.PHN,41,60821,60780
1597,TRAIN/DR3/MJDA0/SX311.WAV.wav,TRAIN/DR3/MJDA0/SX311.PHN,56,60877,60821
1598,TRAIN/DR3/MJDA0/SX401.WAV.wav,TRAIN/DR3/MJDA0/SX401.PHN,35,60912,60877
1599,TRAIN/DR3/MJDA0/SX41.WAV.wav,TRAIN/DR3/MJDA0/SX41.PHN,53,60965,60912
1600,TRAIN/DR3/MJJB0/SA1.WAV.wav,TRAIN/DR3/MJJB0/SA1.PHN,39,61004,60965
1601,TRAIN/DR3/MJJB0/SA2.WAV.wav,TRAIN/DR3/MJJB0/SA2.PHN,34,61038,61004
1602,TRAIN/DR3/MJJB0/SI1139.WAV.wav,TRAIN/DR3/MJJB0/SI1139.PHN,58,61096,61038
1603,TRAIN/DR3/MJJB0/SI1277.WAV.wav,TRAIN/DR3/MJJB0/SI1277.PHN,24,61120,61096
1604,TRAIN/DR3/MJJB0/SI1769.WAV.wav,TRAIN/DR3/MJJB0/SI1769.PHN,32,61152,61120
1605,TRAIN/DR3/MJJB0/SX149.WAV.wav,TRAIN/DR3/MJJB0/SX149.PHN,47,61199,61152
1606,TRAIN/DR3/MJJB0/SX239.WAV.wav,TRAIN/DR3/MJJB0/SX239.PHN,36,61235,61199
1607,TRAIN/DR3/MJJB0/SX329.WAV.wav,TRAIN/DR3/MJJB0/SX329.PHN,50,61285,61235
1608,TRAIN/DR3/MJJB0/SX419.WAV.wav,TRAIN/DR3/MJJB0/SX419.PHN,37,61322,61285
1609,TRAIN/DR3/MJJB0/SX59.WAV.wav,TRAIN/DR3/MJJB0/SX59.PHN,26,61348,61322
1610,TRAIN/DR3/MJKR0/SA1.WAV.wav,TRAIN/DR3/MJKR0/SA1.PHN,41,61389,61348
1611,TRAIN/DR3/MJKR0/SA2.WAV.wav,TRAIN/DR3/MJKR0/SA2.PHN,34,61423,61389
1612,TRAIN/DR3/MJKR0/SI1201.WAV.wav,TRAIN/DR3/MJKR0/SI1201.PHN,57,61480,61423
1613,TRAIN/DR3/MJKR0/SI1831.WAV.wav,TRAIN/DR3/MJKR0/SI1831.PHN,37,61517,61480
1614,TRAIN/DR3/MJKR0/SI571.WAV.wav,TRAIN/DR3/MJKR0/SI571.PHN,45,61562,61517
1615,TRAIN/DR3/MJKR0/SX121.WAV.wav,TRAIN/DR3/MJKR0/SX121.PHN,41,61603,61562
1616,TRAIN/DR3/MJKR0/SX211.WAV.wav,TRAIN/DR3/MJKR0/SX211.PHN,34,61637,61603
1617,TRAIN/DR3/MJKR0/SX301.WAV.wav,TRAIN/DR3/MJKR0/SX301.PHN,38,61675,61637
1618,TRAIN/DR3/MJKR0/SX31.WAV.wav,TRAIN/DR3/MJKR0/SX31.PHN,27,61702,61675
1619,TRAIN/DR3/MJKR0/SX391.WAV.wav,TRAIN/DR3/MJKR0/SX391.PHN,21,61723,61702
1620,TRAIN/DR3/MJLG1/SA1.WAV.wav,TRAIN/DR3/MJLG1/SA1.PHN,41,61764,61723
1621,TRAIN/DR3/MJLG1/SA2.WAV.wav,TRAIN/DR3/MJLG1/SA2.PHN,34,61798,61764
1622,TRAIN/DR3/MJLG1/SI1012.WAV.wav,TRAIN/DR3/MJLG1/SI1012.PHN,34,61832,61798
1623,TRAIN/DR3/MJLG1/SI1642.WAV.wav,TRAIN/DR3/MJLG1/SI1642.PHN,28,61860,61832
1624,TRAIN/DR3/MJLG1/SI2272.WAV.wav,TRAIN/DR3/MJLG1/SI2272.PHN,59,61919,61860
1625,TRAIN/DR3/MJLG1/SX112.WAV.wav,TRAIN/DR3/MJLG1/SX112.PHN,37,61956,61919
1626,TRAIN/DR3/MJLG1/SX202.WAV.wav,TRAIN/DR3/MJLG1/SX202.PHN,25,61981,61956
1627,TRAIN/DR3/MJLG1/SX22.WAV.wav,TRAIN/DR3/MJLG1/SX22.PHN,22,62003,61981
1628,TRAIN/DR3/MJLG1/SX292.WAV.wav,TRAIN/DR3/MJLG1/SX292.PHN,51,62054,62003
1629,TRAIN/DR3/MJLG1/SX382.WAV.wav,TRAIN/DR3/MJLG1/SX382.PHN,39,62093,62054
1630,TRAIN/DR3/MJRH1/SA1.WAV.wav,TRAIN/DR3/MJRH1/SA1.PHN,43,62136,62093
1631,TRAIN/DR3/MJRH1/SA2.WAV.wav,TRAIN/DR3/MJRH1/SA2.PHN,34,62170,62136
1632,TRAIN/DR3/MJRH1/SI1558.WAV.wav,TRAIN/DR3/MJRH1/SI1558.PHN,56,62226,62170
1633,TRAIN/DR3/MJRH1/SI1774.WAV.wav,TRAIN/DR3/MJRH1/SI1774.PHN,35,62261,62226
1634,TRAIN/DR3/MJRH1/SI514.WAV.wav,TRAIN/DR3/MJRH1/SI514.PHN,29,62290,62261
1635,TRAIN/DR3/MJRH1/SX154.WAV.wav,TRAIN/DR3/MJRH1/SX154.PHN,35,62325,62290
1636,TRAIN/DR3/MJRH1/SX244.WAV.wav,TRAIN/DR3/MJRH1/SX244.PHN,44,62369,62325
1637,TRAIN/DR3/MJRH1/SX334.WAV.wav,TRAIN/DR3/MJRH1/SX334.PHN,36,62405,62369
1638,TRAIN/DR3/MJRH1/SX424.WAV.wav,TRAIN/DR3/MJRH1/SX424.PHN,34,62439,62405
1639,TRAIN/DR3/MJRH1/SX64.WAV.wav,TRAIN/DR3/MJRH1/SX64.PHN,34,62473,62439
1640,TRAIN/DR3/MKLS1/SA1.WAV.wav,TRAIN/DR3/MKLS1/SA1.PHN,41,62514,62473
1641,TRAIN/DR3/MKLS1/SA2.WAV.wav,TRAIN/DR3/MKLS1/SA2.PHN,33,62547,62514
1642,TRAIN/DR3/MKLS1/SI1545.WAV.wav,TRAIN/DR3/MKLS1/SI1545.PHN,33,62580,62547
1643,TRAIN/DR3/MKLS1/SI2175.WAV.wav,TRAIN/DR3/MKLS1/SI2175.PHN,24,62604,62580
1644,TRAIN/DR3/MKLS1/SI915.WAV.wav,TRAIN/DR3/MKLS1/SI915.PHN,59,62663,62604
1645,TRAIN/DR3/MKLS1/SX105.WAV.wav,TRAIN/DR3/MKLS1/SX105.PHN,33,62696,62663
1646,TRAIN/DR3/MKLS1/SX15.WAV.wav,TRAIN/DR3/MKLS1/SX15.PHN,36,62732,62696
1647,TRAIN/DR3/MKLS1/SX195.WAV.wav,TRAIN/DR3/MKLS1/SX195.PHN,26,62758,62732
1648,TRAIN/DR3/MKLS1/SX285.WAV.wav,TRAIN/DR3/MKLS1/SX285.PHN,30,62788,62758
1649,TRAIN/DR3/MKLS1/SX375.WAV.wav,TRAIN/DR3/MKLS1/SX375.PHN,41,62829,62788
1650,TRAIN/DR3/MKXL0/SA1.WAV.wav,TRAIN/DR3/MKXL0/SA1.PHN,40,62869,62829
1651,TRAIN/DR3/MKXL0/SA2.WAV.wav,TRAIN/DR3/MKXL0/SA2.PHN,34,62903,62869
1652,TRAIN/DR3/MKXL0/SI1185.WAV.wav,TRAIN/DR3/MKXL0/SI1185.PHN,34,62937,62903
1653,TRAIN/DR3/MKXL0/SI1815.WAV.wav,TRAIN/DR3/MKXL0/SI1815.PHN,63,63000,62937
1654,TRAIN/DR3/MKXL0/SI1958.WAV.wav,TRAIN/DR3/MKXL0/SI1958.PHN,60,63060,63000
1655,TRAIN/DR3/MKXL0/SX105.WAV.wav,TRAIN/DR3/MKXL0/SX105.PHN,32,63092,63060
1656,TRAIN/DR3/MKXL0/SX15.WAV.wav,TRAIN/DR3/MKXL0/SX15.PHN,33,63125,63092
1657,TRAIN/DR3/MKXL0/SX195.WAV.wav,TRAIN/DR3/MKXL0/SX195.PHN,23,63148,63125
1658,TRAIN/DR3/MKXL0/SX285.WAV.wav,TRAIN/DR3/MKXL0/SX285.PHN,31,63179,63148
1659,TRAIN/DR3/MKXL0/SX375.WAV.wav,TRAIN/DR3/MKXL0/SX375.PHN,39,63218,63179
1660,TRAIN/DR3/MLNS0/SA1.WAV.wav,TRAIN/DR3/MLNS0/SA1.PHN,39,63257,63218
1661,TRAIN/DR3/MLNS0/SA2.WAV.wav,TRAIN/DR3/MLNS0/SA2.PHN,32,63289,63257
1662,TRAIN/DR3/MLNS0/SI1407.WAV.wav,TRAIN/DR3/MLNS0/SI1407.PHN,35,63324,63289
1663,TRAIN/DR3/MLNS0/SI2037.WAV.wav,TRAIN/DR3/MLNS0/SI2037.PHN,55,63379,63324
1664,TRAIN/DR3/MLNS0/SI777.WAV.wav,TRAIN/DR3/MLNS0/SI777.PHN,35,63414,63379
1665,TRAIN/DR3/MLNS0/SX147.WAV.wav,TRAIN/DR3/MLNS0/SX147.PHN,40,63454,63414
1666,TRAIN/DR3/MLNS0/SX237.WAV.wav,TRAIN/DR3/MLNS0/SX237.PHN,19,63473,63454
1667,TRAIN/DR3/MLNS0/SX327.WAV.wav,TRAIN/DR3/MLNS0/SX327.PHN,60,63533,63473
1668,TRAIN/DR3/MLNS0/SX417.WAV.wav,TRAIN/DR3/MLNS0/SX417.PHN,39,63572,63533
1669,TRAIN/DR3/MLNS0/SX57.WAV.wav,TRAIN/DR3/MLNS0/SX57.PHN,31,63603,63572
1670,TRAIN/DR3/MMAM0/SA1.WAV.wav,TRAIN/DR3/MMAM0/SA1.PHN,40,63643,63603
1671,TRAIN/DR3/MMAM0/SA2.WAV.wav,TRAIN/DR3/MMAM0/SA2.PHN,33,63676,63643
1672,TRAIN/DR3/MMAM0/SI1597.WAV.wav,TRAIN/DR3/MMAM0/SI1597.PHN,55,63731,63676
1673,TRAIN/DR3/MMAM0/SI1668.WAV.wav,TRAIN/DR3/MMAM0/SI1668.PHN,26,63757,63731
1674,TRAIN/DR3/MMAM0/SI2227.WAV.wav,TRAIN/DR3/MMAM0/SI2227.PHN,28,63785,63757
1675,TRAIN/DR3/MMAM0/SX157.WAV.wav,TRAIN/DR3/MMAM0/SX157.PHN,31,63816,63785
1676,TRAIN/DR3/MMAM0/SX247.WAV.wav,TRAIN/DR3/MMAM0/SX247.PHN,48,63864,63816
1677,TRAIN/DR3/MMAM0/SX337.WAV.wav,TRAIN/DR3/MMAM0/SX337.PHN,39,63903,63864
1678,TRAIN/DR3/MMAM0/SX427.WAV.wav,TRAIN/DR3/MMAM0/SX427.PHN,27,63930,63903
1679,TRAIN/DR3/MMAM0/SX67.WAV.wav,TRAIN/DR3/MMAM0/SX67.PHN,38,63968,63930
1680,TRAIN/DR3/MMAR0/SA1.WAV.wav,TRAIN/DR3/MMAR0/SA1.PHN,41,64009,63968
1681,TRAIN/DR3/MMAR0/SA2.WAV.wav,TRAIN/DR3/MMAR0/SA2.PHN,31,64040,64009
1682,TRAIN/DR3/MMAR0/SI1336.WAV.wav,TRAIN/DR3/MMAR0/SI1336.PHN,42,64082,64040
1683,TRAIN/DR3/MMAR0/SI1966.WAV.wav,TRAIN/DR3/MMAR0/SI1966.PHN,44,64126,64082
1684,TRAIN/DR3/MMAR0/SI706.WAV.wav,TRAIN/DR3/MMAR0/SI706.PHN,17,64143,64126
1685,TRAIN/DR3/MMAR0/SX166.WAV.wav,TRAIN/DR3/MMAR0/SX166.PHN,61,64204,64143
1686,TRAIN/DR3/MMAR0/SX256.WAV.wav,TRAIN/DR3/MMAR0/SX256.PHN,32,64236,64204
1687,TRAIN/DR3/MMAR0/SX346.WAV.wav,TRAIN/DR3/MMAR0/SX346.PHN,48,64284,64236
1688,TRAIN/DR3/MMAR0/SX436.WAV.wav,TRAIN/DR3/MMAR0/SX436.PHN,24,64308,64284
1689,TRAIN/DR3/MMAR0/SX76.WAV.wav,TRAIN/DR3/MMAR0/SX76.PHN,40,64348,64308
1690,TRAIN/DR3/MMEB0/SA1.WAV.wav,TRAIN/DR3/MMEB0/SA1.PHN,42,64390,64348
1691,TRAIN/DR3/MMEB0/SA2.WAV.wav,TRAIN/DR3/MMEB0/SA2.PHN,31,64421,64390
1692,TRAIN/DR3/MMEB0/SI1357.WAV.wav,TRAIN/DR3/MMEB0/SI1357.PHN,54,64475,64421
1693,TRAIN/DR3/MMEB0/SI1987.WAV.wav,TRAIN/DR3/MMEB0/SI1987.PHN,31,64506,64475
1694,TRAIN/DR3/MMEB0/SI727.WAV.wav,TRAIN/DR3/MMEB0/SI727.PHN,26,64532,64506
1695,TRAIN/DR3/MMEB0/SX187.WAV.wav,TRAIN/DR3/MMEB0/SX187.PHN,21,64553,64532
1696,TRAIN/DR3/MMEB0/SX327.WAV.wav,TRAIN/DR3/MMEB0/SX327.PHN,65,64618,64553
1697,TRAIN/DR3/MMEB0/SX367.WAV.wav,TRAIN/DR3/MMEB0/SX367.PHN,34,64652,64618
1698,TRAIN/DR3/MMEB0/SX7.WAV.wav,TRAIN/DR3/MMEB0/SX7.PHN,26,64678,64652
1699,TRAIN/DR3/MMEB0/SX97.WAV.wav,TRAIN/DR3/MMEB0/SX97.PHN,29,64707,64678
1700,TRAIN/DR3/MMJB1/SA1.WAV.wav,TRAIN/DR3/MMJB1/SA1.PHN,40,64747,64707
1701,TRAIN/DR3/MMJB1/SA2.WAV.wav,TRAIN/DR3/MMJB1/SA2.PHN,35,64782,64747
1702,TRAIN/DR3/MMJB1/SI1408.WAV.wav,TRAIN/DR3/MMJB1/SI1408.PHN,41,64823,64782
1703,TRAIN/DR3/MMJB1/SI2038.WAV.wav,TRAIN/DR3/MMJB1/SI2038.PHN,38,64861,64823
1704,TRAIN/DR3/MMJB1/SI778.WAV.wav,TRAIN/DR3/MMJB1/SI778.PHN,15,64876,64861
1705,TRAIN/DR3/MMJB1/SX148.WAV.wav,TRAIN/DR3/MMJB1/SX148.PHN,37,64913,64876
1706,TRAIN/DR3/MMJB1/SX238.WAV.wav,TRAIN/DR3/MMJB1/SX238.PHN,36,64949,64913
1707,TRAIN/DR3/MMJB1/SX328.WAV.wav,TRAIN/DR3/MMJB1/SX328.PHN,48,64997,64949
1708,TRAIN/DR3/MMJB1/SX418.WAV.wav,TRAIN/DR3/MMJB1/SX418.PHN,40,65037,64997
1709,TRAIN/DR3/MMJB1/SX58.WAV.wav,TRAIN/DR3/MMJB1/SX58.PHN,52,65089,65037
1710,TRAIN/DR3/MMSM0/SA1.WAV.wav,TRAIN/DR3/MMSM0/SA1.PHN,40,65129,65089
1711,TRAIN/DR3/MMSM0/SA2.WAV.wav,TRAIN/DR3/MMSM0/SA2.PHN,33,65162,65129
1712,TRAIN/DR3/MMSM0/SI1106.WAV.wav,TRAIN/DR3/MMSM0/SI1106.PHN,58,65220,65162
1713,TRAIN/DR3/MMSM0/SI1736.WAV.wav,TRAIN/DR3/MMSM0/SI1736.PHN,31,65251,65220
1714,TRAIN/DR3/MMSM0/SI476.WAV.wav,TRAIN/DR3/MMSM0/SI476.PHN,52,65303,65251
1715,TRAIN/DR3/MMSM0/SX116.WAV.wav,TRAIN/DR3/MMSM0/SX116.PHN,28,65331,65303
1716,TRAIN/DR3/MMSM0/SX206.WAV.wav,TRAIN/DR3/MMSM0/SX206.PHN,42,65373,65331
1717,TRAIN/DR3/MMSM0/SX26.WAV.wav,TRAIN/DR3/MMSM0/SX26.PHN,28,65401,65373
1718,TRAIN/DR3/MMSM0/SX296.WAV.wav,TRAIN/DR3/MMSM0/SX296.PHN,38,65439,65401
1719,TRAIN/DR3/MMSM0/SX386.WAV.wav,TRAIN/DR3/MMSM0/SX386.PHN,30,65469,65439
1720,TRAIN/DR3/MPRD0/SA1.WAV.wav,TRAIN/DR3/MPRD0/SA1.PHN,42,65511,65469
1721,TRAIN/DR3/MPRD0/SA2.WAV.wav,TRAIN/DR3/MPRD0/SA2.PHN,34,65545,65511
1722,TRAIN/DR3/MPRD0/SI1431.WAV.wav,TRAIN/DR3/MPRD0/SI1431.PHN,49,65594,65545
1723,TRAIN/DR3/MPRD0/SI2061.WAV.wav,TRAIN/DR3/MPRD0/SI2061.PHN,16,65610,65594
1724,TRAIN/DR3/MPRD0/SI801.WAV.wav,TRAIN/DR3/MPRD0/SI801.PHN,55,65665,65610
1725,TRAIN/DR3/MPRD0/SX171.WAV.wav,TRAIN/DR3/MPRD0/SX171.PHN,54,65719,65665
1726,TRAIN/DR3/MPRD0/SX261.WAV.wav,TRAIN/DR3/MPRD0/SX261.PHN,27,65746,65719
1727,TRAIN/DR3/MPRD0/SX351.WAV.wav,TRAIN/DR3/MPRD0/SX351.PHN,49,65795,65746
1728,TRAIN/DR3/MPRD0/SX441.WAV.wav,TRAIN/DR3/MPRD0/SX441.PHN,39,65834,65795
1729,TRAIN/DR3/MPRD0/SX81.WAV.wav,TRAIN/DR3/MPRD0/SX81.PHN,35,65869,65834
1730,TRAIN/DR3/MRBC0/SA1.WAV.wav,TRAIN/DR3/MRBC0/SA1.PHN,39,65908,65869
1731,TRAIN/DR3/MRBC0/SA2.WAV.wav,TRAIN/DR3/MRBC0/SA2.PHN,33,65941,65908
1732,TRAIN/DR3/MRBC0/SI1665.WAV.wav,TRAIN/DR3/MRBC0/SI1665.PHN,26,65967,65941
1733,TRAIN/DR3/MRBC0/SI1859.WAV.wav,TRAIN/DR3/MRBC0/SI1859.PHN,30,65997,65967
1734,TRAIN/DR3/MRBC0/SI599.WAV.wav,TRAIN/DR3/MRBC0/SI599.PHN,39,66036,65997
1735,TRAIN/DR3/MRBC0/SX149.WAV.wav,TRAIN/DR3/MRBC0/SX149.PHN,47,66083,66036
1736,TRAIN/DR3/MRBC0/SX239.WAV.wav,TRAIN/DR3/MRBC0/SX239.PHN,37,66120,66083
1737,TRAIN/DR3/MRBC0/SX329.WAV.wav,TRAIN/DR3/MRBC0/SX329.PHN,52,66172,66120
1738,TRAIN/DR3/MRBC0/SX419.WAV.wav,TRAIN/DR3/MRBC0/SX419.PHN,38,66210,66172
1739,TRAIN/DR3/MRBC0/SX59.WAV.wav,TRAIN/DR3/MRBC0/SX59.PHN,25,66235,66210
1740,TRAIN/DR3/MRDS0/SA1.WAV.wav,TRAIN/DR3/MRDS0/SA1.PHN,40,66275,66235
1741,TRAIN/DR3/MRDS0/SA2.WAV.wav,TRAIN/DR3/MRDS0/SA2.PHN,34,66309,66275
1742,TRAIN/DR3/MRDS0/SI1167.WAV.wav,TRAIN/DR3/MRDS0/SI1167.PHN,26,66335,66309
1743,TRAIN/DR3/MRDS0/SI1797.WAV.wav,TRAIN/DR3/MRDS0/SI1797.PHN,47,66382,66335
1744,TRAIN/DR3/MRDS0/SI537.WAV.wav,TRAIN/DR3/MRDS0/SI537.PHN,59,66441,66382
1745,TRAIN/DR3/MRDS0/SX177.WAV.wav,TRAIN/DR3/MRDS0/SX177.PHN,25,66466,66441
1746,TRAIN/DR3/MRDS0/SX267.WAV.wav,TRAIN/DR3/MRDS0/SX267.PHN,38,66504,66466
1747,TRAIN/DR3/MRDS0/SX357.WAV.wav,TRAIN/DR3/MRDS0/SX357.PHN,38,66542,66504
1748,TRAIN/DR3/MRDS0/SX447.WAV.wav,TRAIN/DR3/MRDS0/SX447.PHN,28,66570,66542
1749,TRAIN/DR3/MRDS0/SX87.WAV.wav,TRAIN/DR3/MRDS0/SX87.PHN,35,66605,66570
1750,TRAIN/DR3/MREE0/SA1.WAV.wav,TRAIN/DR3/MREE0/SA1.PHN,42,66647,66605
1751,TRAIN/DR3/MREE0/SA2.WAV.wav,TRAIN/DR3/MREE0/SA2.PHN,34,66681,66647
1752,TRAIN/DR3/MREE0/SI1104.WAV.wav,TRAIN/DR3/MREE0/SI1104.PHN,61,66742,66681
1753,TRAIN/DR3/MREE0/SI1734.WAV.wav,TRAIN/DR3/MREE0/SI1734.PHN,35,66777,66742
1754,TRAIN/DR3/MREE0/SI1959.WAV.wav,TRAIN/DR3/MREE0/SI1959.PHN,59,66836,66777
1755,TRAIN/DR3/MREE0/SX114.WAV.wav,TRAIN/DR3/MREE0/SX114.PHN,38,66874,66836
1756,TRAIN/DR3/MREE0/SX204.WAV.wav,TRAIN/DR3/MREE0/SX204.PHN,33,66907,66874
1757,TRAIN/DR3/MREE0/SX24.WAV.wav,TRAIN/DR3/MREE0/SX24.PHN,23,66930,66907
1758,TRAIN/DR3/MREE0/SX294.WAV.wav,TRAIN/DR3/MREE0/SX294.PHN,29,66959,66930
1759,TRAIN/DR3/MREE0/SX384.WAV.wav,TRAIN/DR3/MREE0/SX384.PHN,25,66984,66959
1760,TRAIN/DR3/MREH1/SA1.WAV.wav,TRAIN/DR3/MREH1/SA1.PHN,41,67025,66984
1761,TRAIN/DR3/MREH1/SA2.WAV.wav,TRAIN/DR3/MREH1/SA2.PHN,35,67060,67025
1762,TRAIN/DR3/MREH1/SI1599.WAV.wav,TRAIN/DR3/MREH1/SI1599.PHN,53,67113,67060
1763,TRAIN/DR3/MREH1/SI2229.WAV.wav,TRAIN/DR3/MREH1/SI2229.PHN,15,67128,67113
1764,TRAIN/DR3/MREH1/SI969.WAV.wav,TRAIN/DR3/MREH1/SI969.PHN,64,67192,67128
1765,TRAIN/DR3/MREH1/SX159.WAV.wav,TRAIN/DR3/MREH1/SX159.PHN,39,67231,67192
1766,TRAIN/DR3/MREH1/SX249.WAV.wav,TRAIN/DR3/MREH1/SX249.PHN,30,67261,67231
1767,TRAIN/DR3/MREH1/SX339.WAV.wav,TRAIN/DR3/MREH1/SX339.PHN,32,67293,67261
1768,TRAIN/DR3/MREH1/SX429.WAV.wav,TRAIN/DR3/MREH1/SX429.PHN,43,67336,67293
1769,TRAIN/DR3/MREH1/SX69.WAV.wav,TRAIN/DR3/MREH1/SX69.PHN,40,67376,67336
1770,TRAIN/DR3/MRJB1/SA1.WAV.wav,TRAIN/DR3/MRJB1/SA1.PHN,41,67417,67376
1771,TRAIN/DR3/MRJB1/SA2.WAV.wav,TRAIN/DR3/MRJB1/SA2.PHN,38,67455,67417
1772,TRAIN/DR3/MRJB1/SI1020.WAV.wav,TRAIN/DR3/MRJB1/SI1020.PHN,37,67492,67455
1773,TRAIN/DR3/MRJB1/SI1413.WAV.wav,TRAIN/DR3/MRJB1/SI1413.PHN,66,67558,67492
1774,TRAIN/DR3/MRJB1/SI2021.WAV.wav,TRAIN/DR3/MRJB1/SI2021.PHN,55,67613,67558
1775,TRAIN/DR3/MRJB1/SX120.WAV.wav,TRAIN/DR3/MRJB1/SX120.PHN,42,67655,67613
1776,TRAIN/DR3/MRJB1/SX210.WAV.wav,TRAIN/DR3/MRJB1/SX210.PHN,25,67680,67655
1777,TRAIN/DR3/MRJB1/SX30.WAV.wav,TRAIN/DR3/MRJB1/SX30.PHN,27,67707,67680
1778,TRAIN/DR3/MRJB1/SX300.WAV.wav,TRAIN/DR3/MRJB1/SX300.PHN,30,67737,67707
1779,TRAIN/DR3/MRJB1/SX390.WAV.wav,TRAIN/DR3/MRJB1/SX390.PHN,38,67775,67737
1780,TRAIN/DR3/MRTC0/SA1.WAV.wav,TRAIN/DR3/MRTC0/SA1.PHN,38,67813,67775
1781,TRAIN/DR3/MRTC0/SA2.WAV.wav,TRAIN/DR3/MRTC0/SA2.PHN,35,67848,67813
1782,TRAIN/DR3/MRTC0/SI1458.WAV.wav,TRAIN/DR3/MRTC0/SI1458.PHN,69,67917,67848
1783,TRAIN/DR3/MRTC0/SI2088.WAV.wav,TRAIN/DR3/MRTC0/SI2088.PHN,42,67959,67917
1784,TRAIN/DR3/MRTC0/SI828.WAV.wav,TRAIN/DR3/MRTC0/SI828.PHN,37,67996,67959
1785,TRAIN/DR3/MRTC0/SX108.WAV.wav,TRAIN/DR3/MRTC0/SX108.PHN,39,68035,67996
1786,TRAIN/DR3/MRTC0/SX18.WAV.wav,TRAIN/DR3/MRTC0/SX18.PHN,33,68068,68035
1787,TRAIN/DR3/MRTC0/SX198.WAV.wav,TRAIN/DR3/MRTC0/SX198.PHN,30,68098,68068
1788,TRAIN/DR3/MRTC0/SX288.WAV.wav,TRAIN/DR3/MRTC0/SX288.PHN,44,68142,68098
1789,TRAIN/DR3/MRTC0/SX378.WAV.wav,TRAIN/DR3/MRTC0/SX378.PHN,41,68183,68142
1790,TRAIN/DR3/MRTJ0/SA1.WAV.wav,TRAIN/DR3/MRTJ0/SA1.PHN,41,68224,68183
1791,TRAIN/DR3/MRTJ0/SA2.WAV.wav,TRAIN/DR3/MRTJ0/SA2.PHN,33,68257,68224
1792,TRAIN/DR3/MRTJ0/SI1551.WAV.wav,TRAIN/DR3/MRTJ0/SI1551.PHN,21,68278,68257
1793,TRAIN/DR3/MRTJ0/SI2032.WAV.wav,TRAIN/DR3/MRTJ0/SI2032.PHN,32,68310,68278
1794,TRAIN/DR3/MRTJ0/SI772.WAV.wav,TRAIN/DR3/MRTJ0/SI772.PHN,60,68370,68310
1795,TRAIN/DR3/MRTJ0/SX142.WAV.wav,TRAIN/DR3/MRTJ0/SX142.PHN,46,68416,68370
1796,TRAIN/DR3/MRTJ0/SX232.WAV.wav,TRAIN/DR3/MRTJ0/SX232.PHN,47,68463,68416
1797,TRAIN/DR3/MRTJ0/SX322.WAV.wav,TRAIN/DR3/MRTJ0/SX322.PHN,33,68496,68463
1798,TRAIN/DR3/MRTJ0/SX412.WAV.wav,TRAIN/DR3/MRTJ0/SX412.PHN,44,68540,68496
1799,TRAIN/DR3/MRTJ0/SX52.WAV.wav,TRAIN/DR3/MRTJ0/SX52.PHN,47,68587,68540
1800,TRAIN/DR3/MRWA0/SA1.WAV.wav,TRAIN/DR3/MRWA0/SA1.PHN,39,68626,68587
1801,TRAIN/DR3/MRWA0/SA2.WAV.wav,TRAIN/DR3/MRWA0/SA2.PHN,31,68657,68626
1802,TRAIN/DR3/MRWA0/SI1603.WAV.wav,TRAIN/DR3/MRWA0/SI1603.PHN,36,68693,68657
1803,TRAIN/DR3/MRWA0/SI2233.WAV.wav,TRAIN/DR3/MRWA0/SI2233.PHN,44,68737,68693
1804,TRAIN/DR3/MRWA0/SI973.WAV.wav,TRAIN/DR3/MRWA0/SI973.PHN,36,68773,68737
1805,TRAIN/DR3/MRWA0/SX163.WAV.wav,TRAIN/DR3/MRWA0/SX163.PHN,38,68811,68773
1806,TRAIN/DR3/MRWA0/SX253.WAV.wav,TRAIN/DR3/MRWA0/SX253.PHN,27,68838,68811
1807,TRAIN/DR3/MRWA0/SX343.WAV.wav,TRAIN/DR3/MRWA0/SX343.PHN,45,68883,68838
1808,TRAIN/DR3/MRWA0/SX433.WAV.wav,TRAIN/DR3/MRWA0/SX433.PHN,44,68927,68883
1809,TRAIN/DR3/MRWA0/SX73.WAV.wav,TRAIN/DR3/MRWA0/SX73.PHN,37,68964,68927
1810,TRAIN/DR3/MSFV0/SA1.WAV.wav,TRAIN/DR3/MSFV0/SA1.PHN,41,69005,68964
1811,TRAIN/DR3/MSFV0/SA2.WAV.wav,TRAIN/DR3/MSFV0/SA2.PHN,34,69039,69005
1812,TRAIN/DR3/MSFV0/SI1262.WAV.wav,TRAIN/DR3/MSFV0/SI1262.PHN,22,69061,69039
1813,TRAIN/DR3/MSFV0/SI1892.WAV.wav,TRAIN/DR3/MSFV0/SI1892.PHN,43,69104,69061
1814,TRAIN/DR3/MSFV0/SI632.WAV.wav,TRAIN/DR3/MSFV0/SI632.PHN,67,69171,69104
1815,TRAIN/DR3/MSFV0/SX182.WAV.wav,TRAIN/DR3/MSFV0/SX182.PHN,25,69196,69171
1816,TRAIN/DR3/MSFV0/SX272.WAV.wav,TRAIN/DR3/MSFV0/SX272.PHN,29,69225,69196
1817,TRAIN/DR3/MSFV0/SX362.WAV.wav,TRAIN/DR3/MSFV0/SX362.PHN,44,69269,69225
1818,TRAIN/DR3/MSFV0/SX452.WAV.wav,TRAIN/DR3/MSFV0/SX452.PHN,46,69315,69269
1819,TRAIN/DR3/MSFV0/SX92.WAV.wav,TRAIN/DR3/MSFV0/SX92.PHN,36,69351,69315
1820,TRAIN/DR3/MTJM0/SA1.WAV.wav,TRAIN/DR3/MTJM0/SA1.PHN,40,69391,69351
1821,TRAIN/DR3/MTJM0/SA2.WAV.wav,TRAIN/DR3/MTJM0/SA2.PHN,31,69422,69391
1822,TRAIN/DR3/MTJM0/SI1226.WAV.wav,TRAIN/DR3/MTJM0/SI1226.PHN,51,69473,69422
1823,TRAIN/DR3/MTJM0/SI1856.WAV.wav,TRAIN/DR3/MTJM0/SI1856.PHN,42,69515,69473
1824,TRAIN/DR3/MTJM0/SI655.WAV.wav,TRAIN/DR3/MTJM0/SI655.PHN,59,69574,69515
1825,TRAIN/DR3/MTJM0/SX146.WAV.wav,TRAIN/DR3/MTJM0/SX146.PHN,34,69608,69574
1826,TRAIN/DR3/MTJM0/SX236.WAV.wav,TRAIN/DR3/MTJM0/SX236.PHN,31,69639,69608
1827,TRAIN/DR3/MTJM0/SX326.WAV.wav,TRAIN/DR3/MTJM0/SX326.PHN,30,69669,69639
1828,TRAIN/DR3/MTJM0/SX416.WAV.wav,TRAIN/DR3/MTJM0/SX416.PHN,29,69698,69669
1829,TRAIN/DR3/MTJM0/SX56.WAV.wav,TRAIN/DR3/MTJM0/SX56.PHN,41,69739,69698
1830,TRAIN/DR3/MTKP0/SA1.WAV.wav,TRAIN/DR3/MTKP0/SA1.PHN,38,69777,69739
1831,TRAIN/DR3/MTKP0/SA2.WAV.wav,TRAIN/DR3/MTKP0/SA2.PHN,33,69810,69777
1832,TRAIN/DR3/MTKP0/SI1023.WAV.wav,TRAIN/DR3/MTKP0/SI1023.PHN,33,69843,69810
1833,TRAIN/DR3/MTKP0/SI2283.WAV.wav,TRAIN/DR3/MTKP0/SI2283.PHN,56,69899,69843
1834,TRAIN/DR3/MTKP0/SI454.WAV.wav,TRAIN/DR3/MTKP0/SI454.PHN,59,69958,69899
1835,TRAIN/DR3/MTKP0/SX123.WAV.wav,TRAIN/DR3/MTKP0/SX123.PHN,40,69998,69958
1836,TRAIN/DR3/MTKP0/SX213.WAV.wav,TRAIN/DR3/MTKP0/SX213.PHN,34,70032,69998
1837,TRAIN/DR3/MTKP0/SX303.WAV.wav,TRAIN/DR3/MTKP0/SX303.PHN,29,70061,70032
1838,TRAIN/DR3/MTKP0/SX33.WAV.wav,TRAIN/DR3/MTKP0/SX33.PHN,32,70093,70061
1839,TRAIN/DR3/MTKP0/SX393.WAV.wav,TRAIN/DR3/MTKP0/SX393.PHN,31,70124,70093
1840,TRAIN/DR3/MTLB0/SA1.WAV.wav,TRAIN/DR3/MTLB0/SA1.PHN,38,70162,70124
1841,TRAIN/DR3/MTLB0/SA2.WAV.wav,TRAIN/DR3/MTLB0/SA2.PHN,32,70194,70162
1842,TRAIN/DR3/MTLB0/SI1134.WAV.wav,TRAIN/DR3/MTLB0/SI1134.PHN,71,70265,70194
1843,TRAIN/DR3/MTLB0/SI1764.WAV.wav,TRAIN/DR3/MTLB0/SI1764.PHN,20,70285,70265
1844,TRAIN/DR3/MTLB0/SI504.WAV.wav,TRAIN/DR3/MTLB0/SI504.PHN,28,70313,70285
1845,TRAIN/DR3/MTLB0/SX144.WAV.wav,TRAIN/DR3/MTLB0/SX144.PHN,30,70343,70313
1846,TRAIN/DR3/MTLB0/SX234.WAV.wav,TRAIN/DR3/MTLB0/SX234.PHN,33,70376,70343
1847,TRAIN/DR3/MTLB0/SX324.WAV.wav,TRAIN/DR3/MTLB0/SX324.PHN,65,70441,70376
1848,TRAIN/DR3/MTLB0/SX414.WAV.wav,TRAIN/DR3/MTLB0/SX414.PHN,43,70484,70441
1849,TRAIN/DR3/MTLB0/SX54.WAV.wav,TRAIN/DR3/MTLB0/SX54.PHN,46,70530,70484
1850,TRAIN/DR3/MTPG0/SA1.WAV.wav,TRAIN/DR3/MTPG0/SA1.PHN,39,70569,70530
1851,TRAIN/DR3/MTPG0/SA2.WAV.wav,TRAIN/DR3/MTPG0/SA2.PHN,30,70599,70569
1852,TRAIN/DR3/MTPG0/SI1383.WAV.wav,TRAIN/DR3/MTPG0/SI1383.PHN,58,70657,70599
1853,TRAIN/DR3/MTPG0/SI2013.WAV.wav,TRAIN/DR3/MTPG0/SI2013.PHN,30,70687,70657
1854,TRAIN/DR3/MTPG0/SI753.WAV.wav,TRAIN/DR3/MTPG0/SI753.PHN,59,70746,70687
1855,TRAIN/DR3/MTPG0/SX123.WAV.wav,TRAIN/DR3/MTPG0/SX123.PHN,36,70782,70746
1856,TRAIN/DR3/MTPG0/SX213.WAV.wav,TRAIN/DR3/MTPG0/SX213.PHN,30,70812,70782
1857,TRAIN/DR3/MTPG0/SX303.WAV.wav,TRAIN/DR3/MTPG0/SX303.PHN,29,70841,70812
1858,TRAIN/DR3/MTPG0/SX33.WAV.wav,TRAIN/DR3/MTPG0/SX33.PHN,31,70872,70841
1859,TRAIN/DR3/MTPG0/SX393.WAV.wav,TRAIN/DR3/MTPG0/SX393.PHN,34,70906,70872
1860,TRAIN/DR3/MTPP0/SA1.WAV.wav,TRAIN/DR3/MTPP0/SA1.PHN,40,70946,70906
1861,TRAIN/DR3/MTPP0/SA2.WAV.wav,TRAIN/DR3/MTPP0/SA2.PHN,37,70983,70946
1862,TRAIN/DR3/MTPP0/SI1508.WAV.wav,TRAIN/DR3/MTPP0/SI1508.PHN,64,71047,70983
1863,TRAIN/DR3/MTPP0/SI2138.WAV.wav,TRAIN/DR3/MTPP0/SI2138.PHN,22,71069,71047
1864,TRAIN/DR3/MTPP0/SI878.WAV.wav,TRAIN/DR3/MTPP0/SI878.PHN,28,71097,71069
1865,TRAIN/DR3/MTPP0/SX158.WAV.wav,TRAIN/DR3/MTPP0/SX158.PHN,28,71125,71097
1866,TRAIN/DR3/MTPP0/SX248.WAV.wav,TRAIN/DR3/MTPP0/SX248.PHN,28,71153,71125
1867,TRAIN/DR3/MTPP0/SX338.WAV.wav,TRAIN/DR3/MTPP0/SX338.PHN,37,71190,71153
1868,TRAIN/DR3/MTPP0/SX428.WAV.wav,TRAIN/DR3/MTPP0/SX428.PHN,49,71239,71190
1869,TRAIN/DR3/MTPP0/SX68.WAV.wav,TRAIN/DR3/MTPP0/SX68.PHN,34,71273,71239
1870,TRAIN/DR3/MVJH0/SA1.WAV.wav,TRAIN/DR3/MVJH0/SA1.PHN,39,71312,71273
1871,TRAIN/DR3/MVJH0/SA2.WAV.wav,TRAIN/DR3/MVJH0/SA2.PHN,33,71345,71312
1872,TRAIN/DR3/MVJH0/SI1556.WAV.wav,TRAIN/DR3/MVJH0/SI1556.PHN,53,71398,71345
1873,TRAIN/DR3/MVJH0/SI2186.WAV.wav,TRAIN/DR3/MVJH0/SI2186.PHN,41,71439,71398
1874,TRAIN/DR3/MVJH0/SI926.WAV.wav,TRAIN/DR3/MVJH0/SI926.PHN,37,71476,71439
1875,TRAIN/DR3/MVJH0/SX116.WAV.wav,TRAIN/DR3/MVJH0/SX116.PHN,30,71506,71476
1876,TRAIN/DR3/MVJH0/SX206.WAV.wav,TRAIN/DR3/MVJH0/SX206.PHN,40,71546,71506
1877,TRAIN/DR3/MVJH0/SX26.WAV.wav,TRAIN/DR3/MVJH0/SX26.PHN,26,71572,71546
1878,TRAIN/DR3/MVJH0/SX296.WAV.wav,TRAIN/DR3/MVJH0/SX296.PHN,31,71603,71572
1879,TRAIN/DR3/MVJH0/SX386.WAV.wav,TRAIN/DR3/MVJH0/SX386.PHN,31,71634,71603
1880,TRAIN/DR3/MWDK0/SA1.WAV.wav,TRAIN/DR3/MWDK0/SA1.PHN,38,71672,71634
1881,TRAIN/DR3/MWDK0/SA2.WAV.wav,TRAIN/DR3/MWDK0/SA2.PHN,32,71704,71672
1882,TRAIN/DR3/MWDK0/SI1436.WAV.wav,TRAIN/DR3/MWDK0/SI1436.PHN,61,71765,71704
1883,TRAIN/DR3/MWDK0/SI2017.WAV.wav,TRAIN/DR3/MWDK0/SI2017.PHN,30,71795,71765
1884,TRAIN/DR3/MWDK0/SI806.WAV.wav,TRAIN/DR3/MWDK0/SI806.PHN,35,71830,71795
1885,TRAIN/DR3/MWDK0/SX176.WAV.wav,TRAIN/DR3/MWDK0/SX176.PHN,53,71883,71830
1886,TRAIN/DR3/MWDK0/SX266.WAV.wav,TRAIN/DR3/MWDK0/SX266.PHN,32,71915,71883
1887,TRAIN/DR3/MWDK0/SX356.WAV.wav,TRAIN/DR3/MWDK0/SX356.PHN,35,71950,71915
1888,TRAIN/DR3/MWDK0/SX446.WAV.wav,TRAIN/DR3/MWDK0/SX446.PHN,41,71991,71950
1889,TRAIN/DR3/MWDK0/SX86.WAV.wav,TRAIN/DR3/MWDK0/SX86.PHN,30,72021,71991
1890,TRAIN/DR3/MWGR0/SA1.WAV.wav,TRAIN/DR3/MWGR0/SA1.PHN,38,72059,72021
1891,TRAIN/DR3/MWGR0/SA2.WAV.wav,TRAIN/DR3/MWGR0/SA2.PHN,34,72093,72059
1892,TRAIN/DR3/MWGR0/SI1606.WAV.wav,TRAIN/DR3/MWGR0/SI1606.PHN,38,72131,72093
1893,TRAIN/DR3/MWGR0/SI2236.WAV.wav,TRAIN/DR3/MWGR0/SI2236.PHN,33,72164,72131
1894,TRAIN/DR3/MWGR0/SI976.WAV.wav,TRAIN/DR3/MWGR0/SI976.PHN,60,72224,72164
1895,TRAIN/DR3/MWGR0/SX166.WAV.wav,TRAIN/DR3/MWGR0/SX166.PHN,58,72282,72224
1896,TRAIN/DR3/MWGR0/SX256.WAV.wav,TRAIN/DR3/MWGR0/SX256.PHN,35,72317,72282
1897,TRAIN/DR3/MWGR0/SX346.WAV.wav,TRAIN/DR3/MWGR0/SX346.PHN,46,72363,72317
1898,TRAIN/DR3/MWGR0/SX436.WAV.wav,TRAIN/DR3/MWGR0/SX436.PHN,25,72388,72363
1899,TRAIN/DR3/MWGR0/SX76.WAV.wav,TRAIN/DR3/MWGR0/SX76.PHN,38,72426,72388
1900,TRAIN/DR4/FALR0/SA1.WAV.wav,TRAIN/DR4/FALR0/SA1.PHN,43,72469,72426
1901,TRAIN/DR4/FALR0/SA2.WAV.wav,TRAIN/DR4/FALR0/SA2.PHN,35,72504,72469
1902,TRAIN/DR4/FALR0/SI1325.WAV.wav,TRAIN/DR4/FALR0/SI1325.PHN,48,72552,72504
1903,TRAIN/DR4/FALR0/SI1955.WAV.wav,TRAIN/DR4/FALR0/SI1955.PHN,36,72588,72552
1904,TRAIN/DR4/FALR0/SI695.WAV.wav,TRAIN/DR4/FALR0/SI695.PHN,36,72624,72588
1905,TRAIN/DR4/FALR0/SX155.WAV.wav,TRAIN/DR4/FALR0/SX155.PHN,42,72666,72624
1906,TRAIN/DR4/FALR0/SX245.WAV.wav,TRAIN/DR4/FALR0/SX245.PHN,28,72694,72666
1907,TRAIN/DR4/FALR0/SX335.WAV.wav,TRAIN/DR4/FALR0/SX335.PHN,54,72748,72694
1908,TRAIN/DR4/FALR0/SX425.WAV.wav,TRAIN/DR4/FALR0/SX425.PHN,24,72772,72748
1909,TRAIN/DR4/FALR0/SX65.WAV.wav,TRAIN/DR4/FALR0/SX65.PHN,32,72804,72772
1910,TRAIN/DR4/FBAS0/SA1.WAV.wav,TRAIN/DR4/FBAS0/SA1.PHN,41,72845,72804
1911,TRAIN/DR4/FBAS0/SA2.WAV.wav,TRAIN/DR4/FBAS0/SA2.PHN,35,72880,72845
1912,TRAIN/DR4/FBAS0/SI1387.WAV.wav,TRAIN/DR4/FBAS0/SI1387.PHN,41,72921,72880
1913,TRAIN/DR4/FBAS0/SI1472.WAV.wav,TRAIN/DR4/FBAS0/SI1472.PHN,59,72980,72921
1914,TRAIN/DR4/FBAS0/SI2066.WAV.wav,TRAIN/DR4/FBAS0/SI2066.PHN,62,73042,72980
1915,TRAIN/DR4/FBAS0/SX127.WAV.wav,TRAIN/DR4/FBAS0/SX127.PHN,25,73067,73042
1916,TRAIN/DR4/FBAS0/SX217.WAV.wav,TRAIN/DR4/FBAS0/SX217.PHN,27,73094,73067
1917,TRAIN/DR4/FBAS0/SX307.WAV.wav,TRAIN/DR4/FBAS0/SX307.PHN,20,73114,73094
1918,TRAIN/DR4/FBAS0/SX37.WAV.wav,TRAIN/DR4/FBAS0/SX37.PHN,43,73157,73114
1919,TRAIN/DR4/FBAS0/SX397.WAV.wav,TRAIN/DR4/FBAS0/SX397.PHN,34,73191,73157
1920,TRAIN/DR4/FBMJ0/SA1.WAV.wav,TRAIN/DR4/FBMJ0/SA1.PHN,44,73235,73191
1921,TRAIN/DR4/FBMJ0/SA2.WAV.wav,TRAIN/DR4/FBMJ0/SA2.PHN,33,73268,73235
1922,TRAIN/DR4/FBMJ0/SI1776.WAV.wav,TRAIN/DR4/FBMJ0/SI1776.PHN,48,73316,73268
1923,TRAIN/DR4/FBMJ0/SI516.WAV.wav,TRAIN/DR4/FBMJ0/SI516.PHN,59,73375,73316
1924,TRAIN/DR4/FBMJ0/SI815.WAV.wav,TRAIN/DR4/FBMJ0/SI815.PHN,24,73399,73375
1925,TRAIN/DR4/FBMJ0/SX156.WAV.wav,TRAIN/DR4/FBMJ0/SX156.PHN,47,73446,73399
1926,TRAIN/DR4/FBMJ0/SX246.WAV.wav,TRAIN/DR4/FBMJ0/SX246.PHN,32,73478,73446
1927,TRAIN/DR4/FBMJ0/SX336.WAV.wav,TRAIN/DR4/FBMJ0/SX336.PHN,59,73537,73478
1928,TRAIN/DR4/FBMJ0/SX426.WAV.wav,TRAIN/DR4/FBMJ0/SX426.PHN,37,73574,73537
1929,TRAIN/DR4/FBMJ0/SX66.WAV.wav,TRAIN/DR4/FBMJ0/SX66.PHN,38,73612,73574
1930,TRAIN/DR4/FCAG0/SA1.WAV.wav,TRAIN/DR4/FCAG0/SA1.PHN,39,73651,73612
1931,TRAIN/DR4/FCAG0/SA2.WAV.wav,TRAIN/DR4/FCAG0/SA2.PHN,32,73683,73651
1932,TRAIN/DR4/FCAG0/SI1503.WAV.wav,TRAIN/DR4/FCAG0/SI1503.PHN,32,73715,73683
1933,TRAIN/DR4/FCAG0/SI1641.WAV.wav,TRAIN/DR4/FCAG0/SI1641.PHN,19,73734,73715
1934,TRAIN/DR4/FCAG0/SI2133.WAV.wav,TRAIN/DR4/FCAG0/SI2133.PHN,28,73762,73734
1935,TRAIN/DR4/FCAG0/SX153.WAV.wav,TRAIN/DR4/FCAG0/SX153.PHN,45,73807,73762
1936,TRAIN/DR4/FCAG0/SX243.WAV.wav,TRAIN/DR4/FCAG0/SX243.PHN,40,73847,73807
1937,TRAIN/DR4/FCAG0/SX333.WAV.wav,TRAIN/DR4/FCAG0/SX333.PHN,51,73898,73847
1938,TRAIN/DR4/FCAG0/SX423.WAV.wav,TRAIN/DR4/FCAG0/SX423.PHN,44,73942,73898
1939,TRAIN/DR4/FCAG0/SX63.WAV.wav,TRAIN/DR4/FCAG0/SX63.PHN,36,73978,73942
1940,TRAIN/DR4/FDKN0/SA1.WAV.wav,TRAIN/DR4/FDKN0/SA1.PHN,41,74019,73978
1941,TRAIN/DR4/FDKN0/SA2.WAV.wav,TRAIN/DR4/FDKN0/SA2.PHN,36,74055,74019
1942,TRAIN/DR4/FDKN0/SI1081.WAV.wav,TRAIN/DR4/FDKN0/SI1081.PHN,33,74088,74055
1943,TRAIN/DR4/FDKN0/SI1202.WAV.wav,TRAIN/DR4/FDKN0/SI1202.PHN,73,74161,74088
1944,TRAIN/DR4/FDKN0/SI1711.WAV.wav,TRAIN/DR4/FDKN0/SI1711.PHN,25,74186,74161
1945,TRAIN/DR4/FDKN0/SX181.WAV.wav,TRAIN/DR4/FDKN0/SX181.PHN,45,74231,74186
1946,TRAIN/DR4/FDKN0/SX271.WAV.wav,TRAIN/DR4/FDKN0/SX271.PHN,35,74266,74231
1947,TRAIN/DR4/FDKN0/SX361.WAV.wav,TRAIN/DR4/FDKN0/SX361.PHN,34,74300,74266
1948,TRAIN/DR4/FDKN0/SX451.WAV.wav,TRAIN/DR4/FDKN0/SX451.PHN,54,74354,74300
1949,TRAIN/DR4/FDKN0/SX91.WAV.wav,TRAIN/DR4/FDKN0/SX91.PHN,38,74392,74354
1950,TRAIN/DR4/FEEH0/SA1.WAV.wav,TRAIN/DR4/FEEH0/SA1.PHN,40,74432,74392
1951,TRAIN/DR4/FEEH0/SA2.WAV.wav,TRAIN/DR4/FEEH0/SA2.PHN,37,74469,74432
1952,TRAIN/DR4/FEEH0/SI1112.WAV.wav,TRAIN/DR4/FEEH0/SI1112.PHN,49,74518,74469
1953,TRAIN/DR4/FEEH0/SI1742.WAV.wav,TRAIN/DR4/FEEH0/SI1742.PHN,44,74562,74518
1954,TRAIN/DR4/FEEH0/SI471.WAV.wav,TRAIN/DR4/FEEH0/SI471.PHN,28,74590,74562
1955,TRAIN/DR4/FEEH0/SX122.WAV.wav,TRAIN/DR4/FEEH0/SX122.PHN,46,74636,74590
1956,TRAIN/DR4/FEEH0/SX212.WAV.wav,TRAIN/DR4/FEEH0/SX212.PHN,45,74681,74636
1957,TRAIN/DR4/FEEH0/SX302.WAV.wav,TRAIN/DR4/FEEH0/SX302.PHN,29,74710,74681
1958,TRAIN/DR4/FEEH0/SX32.WAV.wav,TRAIN/DR4/FEEH0/SX32.PHN,38,74748,74710
1959,TRAIN/DR4/FEEH0/SX392.WAV.wav,TRAIN/DR4/FEEH0/SX392.PHN,43,74791,74748
1960,TRAIN/DR4/FJWB1/SA1.WAV.wav,TRAIN/DR4/FJWB1/SA1.PHN,39,74830,74791
1961,TRAIN/DR4/FJWB1/SA2.WAV.wav,TRAIN/DR4/FJWB1/SA2.PHN,33,74863,74830
1962,TRAIN/DR4/FJWB1/SI2055.WAV.wav,TRAIN/DR4/FJWB1/SI2055.PHN,33,74896,74863
1963,TRAIN/DR4/FJWB1/SI748.WAV.wav,TRAIN/DR4/FJWB1/SI748.PHN,62,74958,74896
1964,TRAIN/DR4/FJWB1/SI795.WAV.wav,TRAIN/DR4/FJWB1/SI795.PHN,25,74983,74958
1965,TRAIN/DR4/FJWB1/SX165.WAV.wav,TRAIN/DR4/FJWB1/SX165.PHN,41,75024,74983
1966,TRAIN/DR4/FJWB1/SX255.WAV.wav,TRAIN/DR4/FJWB1/SX255.PHN,33,75057,75024
1967,TRAIN/DR4/FJWB1/SX345.WAV.wav,TRAIN/DR4/FJWB1/SX345.PHN,28,75085,75057
1968,TRAIN/DR4/FJWB1/SX435.WAV.wav,TRAIN/DR4/FJWB1/SX435.PHN,48,75133,75085
1969,TRAIN/DR4/FJWB1/SX75.WAV.wav,TRAIN/DR4/FJWB1/SX75.PHN,32,75165,75133
1970,TRAIN/DR4/FJXP0/SA1.WAV.wav,TRAIN/DR4/FJXP0/SA1.PHN,39,75204,75165
1971,TRAIN/DR4/FJXP0/SA2.WAV.wav,TRAIN/DR4/FJXP0/SA2.PHN,36,75240,75204
1972,TRAIN/DR4/FJXP0/SI1122.WAV.wav,TRAIN/DR4/FJXP0/SI1122.PHN,44,75284,75240
1973,TRAIN/DR4/FJXP0/SI1752.WAV.wav,TRAIN/DR4/FJXP0/SI1752.PHN,63,75347,75284
1974,TRAIN/DR4/FJXP0/SI492.WAV.wav,TRAIN/DR4/FJXP0/SI492.PHN,18,75365,75347
1975,TRAIN/DR4/FJXP0/SX132.WAV.wav,TRAIN/DR4/FJXP0/SX132.PHN,35,75400,75365
1976,TRAIN/DR4/FJXP0/SX222.WAV.wav,TRAIN/DR4/FJXP0/SX222.PHN,40,75440,75400
1977,TRAIN/DR4/FJXP0/SX312.WAV.wav,TRAIN/DR4/FJXP0/SX312.PHN,50,75490,75440
1978,TRAIN/DR4/FJXP0/SX402.WAV.wav,TRAIN/DR4/FJXP0/SX402.PHN,33,75523,75490
1979,TRAIN/DR4/FJXP0/SX42.WAV.wav,TRAIN/DR4/FJXP0/SX42.PHN,32,75555,75523
1980,TRAIN/DR4/FKDW0/SA1.WAV.wav,TRAIN/DR4/FKDW0/SA1.PHN,42,75597,75555
1981,TRAIN/DR4/FKDW0/SA2.WAV.wav,TRAIN/DR4/FKDW0/SA2.PHN,34,75631,75597
1982,TRAIN/DR4/FKDW0/SI1207.WAV.wav,TRAIN/DR4/FKDW0/SI1207.PHN,50,75681,75631
1983,TRAIN/DR4/FKDW0/SI1891.WAV.wav,TRAIN/DR4/FKDW0/SI1891.PHN,52,75733,75681
1984,TRAIN/DR4/FKDW0/SI577.WAV.wav,TRAIN/DR4/FKDW0/SI577.PHN,39,75772,75733
1985,TRAIN/DR4/FKDW0/SX127.WAV.wav,TRAIN/DR4/FKDW0/SX127.PHN,24,75796,75772
1986,TRAIN/DR4/FKDW0/SX217.WAV.wav,TRAIN/DR4/FKDW0/SX217.PHN,23,75819,75796
1987,TRAIN/DR4/FKDW0/SX307.WAV.wav,TRAIN/DR4/FKDW0/SX307.PHN,20,75839,75819
1988,TRAIN/DR4/FKDW0/SX37.WAV.wav,TRAIN/DR4/FKDW0/SX37.PHN,38,75877,75839
1989,TRAIN/DR4/FKDW0/SX397.WAV.wav,TRAIN/DR4/FKDW0/SX397.PHN,34,75911,75877
1990,TRAIN/DR4/FKLC0/SA1.WAV.wav,TRAIN/DR4/FKLC0/SA1.PHN,43,75954,75911
1991,TRAIN/DR4/FKLC0/SA2.WAV.wav,TRAIN/DR4/FKLC0/SA2.PHN,34,75988,75954
1992,TRAIN/DR4/FKLC0/SI1615.WAV.wav,TRAIN/DR4/FKLC0/SI1615.PHN,24,76012,75988
1993,TRAIN/DR4/FKLC0/SI2245.WAV.wav,TRAIN/DR4/FKLC0/SI2245.PHN,24,76036,76012
1994,TRAIN/DR4/FKLC0/SI985.WAV.wav,TRAIN/DR4/FKLC0/SI985.PHN,62,76098,76036
1995,TRAIN/DR4/FKLC0/SX175.WAV.wav,TRAIN/DR4/FKLC0/SX175.PHN,57,76155,76098
1996,TRAIN/DR4/FKLC0/SX265.WAV.wav,TRAIN/DR4/FKLC0/SX265.PHN,36,76191,76155
1997,TRAIN/DR4/FKLC0/SX355.WAV.wav,TRAIN/DR4/FKLC0/SX355.PHN,34,76225,76191
1998,TRAIN/DR4/FKLC0/SX445.WAV.wav,TRAIN/DR4/FKLC0/SX445.PHN,36,76261,76225
1999,TRAIN/DR4/FKLC0/SX85.WAV.wav,TRAIN/DR4/FKLC0/SX85.PHN,32,76293,76261
2000,TRAIN/DR4/FLHD0/SA1.WAV.wav,TRAIN/DR4/FLHD0/SA1.PHN,41,76334,76293
2001,TRAIN/DR4/FLHD0/SA2.WAV.wav,TRAIN/DR4/FLHD0/SA2.PHN,34,76368,76334
2002,TRAIN/DR4/FLHD0/SI1344.WAV.wav,TRAIN/DR4/FLHD0/SI1344.PHN,40,76408,76368
2003,TRAIN/DR4/FLHD0/SI1827.WAV.wav,TRAIN/DR4/FLHD0/SI1827.PHN,24,76432,76408
2004,TRAIN/DR4/FLHD0/SI1974.WAV.wav,TRAIN/DR4/FLHD0/SI1974.PHN,36,76468,76432
2005,TRAIN/DR4/FLHD0/SX174.WAV.wav,TRAIN/DR4/FLHD0/SX174.PHN,52,76520,76468
2006,TRAIN/DR4/FLHD0/SX264.WAV.wav,TRAIN/DR4/FLHD0/SX264.PHN,29,76549,76520
2007,TRAIN/DR4/FLHD0/SX354.WAV.wav,TRAIN/DR4/FLHD0/SX354.PHN,34,76583,76549
2008,TRAIN/DR4/FLHD0/SX444.WAV.wav,TRAIN/DR4/FLHD0/SX444.PHN,39,76622,76583
2009,TRAIN/DR4/FLHD0/SX84.WAV.wav,TRAIN/DR4/FLHD0/SX84.PHN,45,76667,76622
2010,TRAIN/DR4/FLKM0/SA1.WAV.wav,TRAIN/DR4/FLKM0/SA1.PHN,44,76711,76667
2011,TRAIN/DR4/FLKM0/SA2.WAV.wav,TRAIN/DR4/FLKM0/SA2.PHN,41,76752,76711
2012,TRAIN/DR4/FLKM0/SI1880.WAV.wav,TRAIN/DR4/FLKM0/SI1880.PHN,37,76789,76752
2013,TRAIN/DR4/FLKM0/SI620.WAV.wav,TRAIN/DR4/FLKM0/SI620.PHN,62,76851,76789
2014,TRAIN/DR4/FLKM0/SI686.WAV.wav,TRAIN/DR4/FLKM0/SI686.PHN,16,76867,76851
2015,TRAIN/DR4/FLKM0/SX116.WAV.wav,TRAIN/DR4/FLKM0/SX116.PHN,31,76898,76867
2016,TRAIN/DR4/FLKM0/SX260.WAV.wav,TRAIN/DR4/FLKM0/SX260.PHN,46,76944,76898
2017,TRAIN/DR4/FLKM0/SX350.WAV.wav,TRAIN/DR4/FLKM0/SX350.PHN,53,76997,76944
2018,TRAIN/DR4/FLKM0/SX440.WAV.wav,TRAIN/DR4/FLKM0/SX440.PHN,52,77049,76997
2019,TRAIN/DR4/FLKM0/SX80.WAV.wav,TRAIN/DR4/FLKM0/SX80.PHN,31,77080,77049
2020,TRAIN/DR4/FPAF0/SA1.WAV.wav,TRAIN/DR4/FPAF0/SA1.PHN,43,77123,77080
2021,TRAIN/DR4/FPAF0/SA2.WAV.wav,TRAIN/DR4/FPAF0/SA2.PHN,35,77158,77123
2022,TRAIN/DR4/FPAF0/SI1054.WAV.wav,TRAIN/DR4/FPAF0/SI1054.PHN,75,77233,77158
2023,TRAIN/DR4/FPAF0/SI1684.WAV.wav,TRAIN/DR4/FPAF0/SI1684.PHN,31,77264,77233
2024,TRAIN/DR4/FPAF0/SI2314.WAV.wav,TRAIN/DR4/FPAF0/SI2314.PHN,26,77290,77264
2025,TRAIN/DR4/FPAF0/SX154.WAV.wav,TRAIN/DR4/FPAF0/SX154.PHN,37,77327,77290
2026,TRAIN/DR4/FPAF0/SX244.WAV.wav,TRAIN/DR4/FPAF0/SX244.PHN,43,77370,77327
2027,TRAIN/DR4/FPAF0/SX334.WAV.wav,TRAIN/DR4/FPAF0/SX334.PHN,31,77401,77370
2028,TRAIN/DR4/FPAF0/SX424.WAV.wav,TRAIN/DR4/FPAF0/SX424.PHN,36,77437,77401
2029,TRAIN/DR4/FPAF0/SX64.WAV.wav,TRAIN/DR4/FPAF0/SX64.PHN,35,77472,77437
2030,TRAIN/DR4/FSAK0/SA1.WAV.wav,TRAIN/DR4/FSAK0/SA1.PHN,40,77512,77472
2031,TRAIN/DR4/FSAK0/SA2.WAV.wav,TRAIN/DR4/FSAK0/SA2.PHN,36,77548,77512
2032,TRAIN/DR4/FSAK0/SI1300.WAV.wav,TRAIN/DR4/FSAK0/SI1300.PHN,71,77619,77548
2033,TRAIN/DR4/FSAK0/SI1930.WAV.wav,TRAIN/DR4/FSAK0/SI1930.PHN,29,77648,77619
2034,TRAIN/DR4/FSAK0/SI670.WAV.wav,TRAIN/DR4/FSAK0/SI670.PHN,37,77685,77648
2035,TRAIN/DR4/FSAK0/SX130.WAV.wav,TRAIN/DR4/FSAK0/SX130.PHN,33,77718,77685
2036,TRAIN/DR4/FSAK0/SX220.WAV.wav,TRAIN/DR4/FSAK0/SX220.PHN,46,77764,77718
2037,TRAIN/DR4/FSAK0/SX310.WAV.wav,TRAIN/DR4/FSAK0/SX310.PHN,34,77798,77764
2038,TRAIN/DR4/FSAK0/SX40.WAV.wav,TRAIN/DR4/FSAK0/SX40.PHN,47,77845,77798
2039,TRAIN/DR4/FSAK0/SX400.WAV.wav,TRAIN/DR4/FSAK0/SX400.PHN,40,77885,77845
2040,TRAIN/DR4/FSSB0/SA1.WAV.wav,TRAIN/DR4/FSSB0/SA1.PHN,42,77927,77885
2041,TRAIN/DR4/FSSB0/SA2.WAV.wav,TRAIN/DR4/FSSB0/SA2.PHN,36,77963,77927
2042,TRAIN/DR4/FSSB0/SI1082.WAV.wav,TRAIN/DR4/FSSB0/SI1082.PHN,40,78003,77963
2043,TRAIN/DR4/FSSB0/SI1712.WAV.wav,TRAIN/DR4/FSSB0/SI1712.PHN,62,78065,78003
2044,TRAIN/DR4/FSSB0/SI2342.WAV.wav,TRAIN/DR4/FSSB0/SI2342.PHN,18,78083,78065
2045,TRAIN/DR4/FSSB0/SX182.WAV.wav,TRAIN/DR4/FSSB0/SX182.PHN,26,78109,78083
2046,TRAIN/DR4/FSSB0/SX272.WAV.wav,TRAIN/DR4/FSSB0/SX272.PHN,28,78137,78109
2047,TRAIN/DR4/FSSB0/SX362.WAV.wav,TRAIN/DR4/FSSB0/SX362.PHN,47,78184,78137
2048,TRAIN/DR4/FSSB0/SX452.WAV.wav,TRAIN/DR4/FSSB0/SX452.PHN,50,78234,78184
2049,TRAIN/DR4/FSSB0/SX92.WAV.wav,TRAIN/DR4/FSSB0/SX92.PHN,38,78272,78234
2050,TRAIN/DR4/MAEB0/SA1.WAV.wav,TRAIN/DR4/MAEB0/SA1.PHN,39,78311,78272
2051,TRAIN/DR4/MAEB0/SA2.WAV.wav,TRAIN/DR4/MAEB0/SA2.PHN,35,78346,78311
2052,TRAIN/DR4/MAEB0/SI1411.WAV.wav,TRAIN/DR4/MAEB0/SI1411.PHN,57,78403,78346
2053,TRAIN/DR4/MAEB0/SI2250.WAV.wav,TRAIN/DR4/MAEB0/SI2250.PHN,33,78436,78403
2054,TRAIN/DR4/MAEB0/SI990.WAV.wav,TRAIN/DR4/MAEB0/SI990.PHN,44,78480,78436
2055,TRAIN/DR4/MAEB0/SX180.WAV.wav,TRAIN/DR4/MAEB0/SX180.PHN,38,78518,78480
2056,TRAIN/DR4/MAEB0/SX270.WAV.wav,TRAIN/DR4/MAEB0/SX270.PHN,32,78550,78518
2057,TRAIN/DR4/MAEB0/SX360.WAV.wav,TRAIN/DR4/MAEB0/SX360.PHN,34,78584,78550
2058,TRAIN/DR4/MAEB0/SX450.WAV.wav,TRAIN/DR4/MAEB0/SX450.PHN,43,78627,78584
2059,TRAIN/DR4/MAEB0/SX90.WAV.wav,TRAIN/DR4/MAEB0/SX90.PHN,24,78651,78627
2060,TRAIN/DR4/MARW0/SA1.WAV.wav,TRAIN/DR4/MARW0/SA1.PHN,40,78691,78651
2061,TRAIN/DR4/MARW0/SA2.WAV.wav,TRAIN/DR4/MARW0/SA2.PHN,33,78724,78691
2062,TRAIN/DR4/MARW0/SI1276.WAV.wav,TRAIN/DR4/MARW0/SI1276.PHN,36,78760,78724
2063,TRAIN/DR4/MARW0/SI1906.WAV.wav,TRAIN/DR4/MARW0/SI1906.PHN,28,78788,78760
2064,TRAIN/DR4/MARW0/SI646.WAV.wav,TRAIN/DR4/MARW0/SI646.PHN,24,78812,78788
2065,TRAIN/DR4/MARW0/SX106.WAV.wav,TRAIN/DR4/MARW0/SX106.PHN,31,78843,78812
2066,TRAIN/DR4/MARW0/SX16.WAV.wav,TRAIN/DR4/MARW0/SX16.PHN,21,78864,78843
2067,TRAIN/DR4/MARW0/SX286.WAV.wav,TRAIN/DR4/MARW0/SX286.PHN,50,78914,78864
2068,TRAIN/DR4/MARW0/SX349.WAV.wav,TRAIN/DR4/MARW0/SX349.PHN,60,78974,78914
2069,TRAIN/DR4/MARW0/SX376.WAV.wav,TRAIN/DR4/MARW0/SX376.PHN,39,79013,78974
2070,TRAIN/DR4/MBMA0/SA1.WAV.wav,TRAIN/DR4/MBMA0/SA1.PHN,41,79054,79013
2071,TRAIN/DR4/MBMA0/SA2.WAV.wav,TRAIN/DR4/MBMA0/SA2.PHN,33,79087,79054
2072,TRAIN/DR4/MBMA0/SI1222.WAV.wav,TRAIN/DR4/MBMA0/SI1222.PHN,54,79141,79087
2073,TRAIN/DR4/MBMA0/SI1852.WAV.wav,TRAIN/DR4/MBMA0/SI1852.PHN,16,79157,79141
2074,TRAIN/DR4/MBMA0/SI592.WAV.wav,TRAIN/DR4/MBMA0/SI592.PHN,19,79176,79157
2075,TRAIN/DR4/MBMA0/SX142.WAV.wav,TRAIN/DR4/MBMA0/SX142.PHN,44,79220,79176
2076,TRAIN/DR4/MBMA0/SX232.WAV.wav,TRAIN/DR4/MBMA0/SX232.PHN,45,79265,79220
2077,TRAIN/DR4/MBMA0/SX322.WAV.wav,TRAIN/DR4/MBMA0/SX322.PHN,33,79298,79265
2078,TRAIN/DR4/MBMA0/SX412.WAV.wav,TRAIN/DR4/MBMA0/SX412.PHN,44,79342,79298
2079,TRAIN/DR4/MBMA0/SX52.WAV.wav,TRAIN/DR4/MBMA0/SX52.PHN,44,79386,79342
2080,TRAIN/DR4/MBWP0/SA1.WAV.wav,TRAIN/DR4/MBWP0/SA1.PHN,40,79426,79386
2081,TRAIN/DR4/MBWP0/SA2.WAV.wav,TRAIN/DR4/MBWP0/SA2.PHN,36,79462,79426
2082,TRAIN/DR4/MBWP0/SI1531.WAV.wav,TRAIN/DR4/MBWP0/SI1531.PHN,21,79483,79462
2083,TRAIN/DR4/MBWP0/SI1969.WAV.wav,TRAIN/DR4/MBWP0/SI1969.PHN,36,79519,79483
2084,TRAIN/DR4/MBWP0/SI709.WAV.wav,TRAIN/DR4/MBWP0/SI709.PHN,38,79557,79519
2085,TRAIN/DR4/MBWP0/SX169.WAV.wav,TRAIN/DR4/MBWP0/SX169.PHN,43,79600,79557
2086,TRAIN/DR4/MBWP0/SX259.WAV.wav,TRAIN/DR4/MBWP0/SX259.PHN,37,79637,79600
2087,TRAIN/DR4/MBWP0/SX349.WAV.wav,TRAIN/DR4/MBWP0/SX349.PHN,62,79699,79637
2088,TRAIN/DR4/MBWP0/SX439.WAV.wav,TRAIN/DR4/MBWP0/SX439.PHN,43,79742,79699
2089,TRAIN/DR4/MBWP0/SX79.WAV.wav,TRAIN/DR4/MBWP0/SX79.PHN,42,79784,79742
2090,TRAIN/DR4/MCDR0/SA1.WAV.wav,TRAIN/DR4/MCDR0/SA1.PHN,38,79822,79784
2091,TRAIN/DR4/MCDR0/SA2.WAV.wav,TRAIN/DR4/MCDR0/SA2.PHN,34,79856,79822
2092,TRAIN/DR4/MCDR0/SI1154.WAV.wav,TRAIN/DR4/MCDR0/SI1154.PHN,53,79909,79856
2093,TRAIN/DR4/MCDR0/SI1784.WAV.wav,TRAIN/DR4/MCDR0/SI1784.PHN,59,79968,79909
2094,TRAIN/DR4/MCDR0/SI524.WAV.wav,TRAIN/DR4/MCDR0/SI524.PHN,59,80027,79968
2095,TRAIN/DR4/MCDR0/SX164.WAV.wav,TRAIN/DR4/MCDR0/SX164.PHN,42,80069,80027
2096,TRAIN/DR4/MCDR0/SX254.WAV.wav,TRAIN/DR4/MCDR0/SX254.PHN,21,80090,80069
2097,TRAIN/DR4/MCDR0/SX344.WAV.wav,TRAIN/DR4/MCDR0/SX344.PHN,26,80116,80090
2098,TRAIN/DR4/MCDR0/SX434.WAV.wav,TRAIN/DR4/MCDR0/SX434.PHN,28,80144,80116
2099,TRAIN/DR4/MCDR0/SX74.WAV.wav,TRAIN/DR4/MCDR0/SX74.PHN,35,80179,80144
2100,TRAIN/DR4/MCSS0/SA1.WAV.wav,TRAIN/DR4/MCSS0/SA1.PHN,39,80218,80179
2101,TRAIN/DR4/MCSS0/SA2.WAV.wav,TRAIN/DR4/MCSS0/SA2.PHN,32,80250,80218
2102,TRAIN/DR4/MCSS0/SI1380.WAV.wav,TRAIN/DR4/MCSS0/SI1380.PHN,59,80309,80250
2103,TRAIN/DR4/MCSS0/SI688.WAV.wav,TRAIN/DR4/MCSS0/SI688.PHN,61,80370,80309
2104,TRAIN/DR4/MCSS0/SI750.WAV.wav,TRAIN/DR4/MCSS0/SI750.PHN,32,80402,80370
2105,TRAIN/DR4/MCSS0/SX120.WAV.wav,TRAIN/DR4/MCSS0/SX120.PHN,38,80440,80402
2106,TRAIN/DR4/MCSS0/SX210.WAV.wav,TRAIN/DR4/MCSS0/SX210.PHN,25,80465,80440
2107,TRAIN/DR4/MCSS0/SX30.WAV.wav,TRAIN/DR4/MCSS0/SX30.PHN,25,80490,80465
2108,TRAIN/DR4/MCSS0/SX300.WAV.wav,TRAIN/DR4/MCSS0/SX300.PHN,28,80518,80490
2109,TRAIN/DR4/MCSS0/SX390.WAV.wav,TRAIN/DR4/MCSS0/SX390.PHN,36,80554,80518
2110,TRAIN/DR4/MDCD0/SA1.WAV.wav,TRAIN/DR4/MDCD0/SA1.PHN,40,80594,80554
2111,TRAIN/DR4/MDCD0/SA2.WAV.wav,TRAIN/DR4/MDCD0/SA2.PHN,33,80627,80594
2112,TRAIN/DR4/MDCD0/SI1415.WAV.wav,TRAIN/DR4/MDCD0/SI1415.PHN,37,80664,80627
2113,TRAIN/DR4/MDCD0/SI2045.WAV.wav,TRAIN/DR4/MDCD0/SI2045.PHN,30,80694,80664
2114,TRAIN/DR4/MDCD0/SI785.WAV.wav,TRAIN/DR4/MDCD0/SI785.PHN,60,80754,80694
2115,TRAIN/DR4/MDCD0/SX155.WAV.wav,TRAIN/DR4/MDCD0/SX155.PHN,41,80795,80754
2116,TRAIN/DR4/MDCD0/SX245.WAV.wav,TRAIN/DR4/MDCD0/SX245.PHN,29,80824,80795
2117,TRAIN/DR4/MDCD0/SX335.WAV.wav,TRAIN/DR4/MDCD0/SX335.PHN,55,80879,80824
2118,TRAIN/DR4/MDCD0/SX425.WAV.wav,TRAIN/DR4/MDCD0/SX425.PHN,24,80903,80879
2119,TRAIN/DR4/MDCD0/SX65.WAV.wav,TRAIN/DR4/MDCD0/SX65.PHN,31,80934,80903
2120,TRAIN/DR4/MDMA0/SA1.WAV.wav,TRAIN/DR4/MDMA0/SA1.PHN,39,80973,80934
2121,TRAIN/DR4/MDMA0/SA2.WAV.wav,TRAIN/DR4/MDMA0/SA2.PHN,34,81007,80973
2122,TRAIN/DR4/MDMA0/SI1238.WAV.wav,TRAIN/DR4/MDMA0/SI1238.PHN,21,81028,81007
2123,TRAIN/DR4/MDMA0/SI1430.WAV.wav,TRAIN/DR4/MDMA0/SI1430.PHN,39,81067,81028
2124,TRAIN/DR4/MDMA0/SI2060.WAV.wav,TRAIN/DR4/MDMA0/SI2060.PHN,33,81100,81067
2125,TRAIN/DR4/MDMA0/SX170.WAV.wav,TRAIN/DR4/MDMA0/SX170.PHN,57,81157,81100
2126,TRAIN/DR4/MDMA0/SX260.WAV.wav,TRAIN/DR4/MDMA0/SX260.PHN,45,81202,81157
2127,TRAIN/DR4/MDMA0/SX350.WAV.wav,TRAIN/DR4/MDMA0/SX350.PHN,51,81253,81202
2128,TRAIN/DR4/MDMA0/SX440.WAV.wav,TRAIN/DR4/MDMA0/SX440.PHN,48,81301,81253
2129,TRAIN/DR4/MDMA0/SX80.WAV.wav,TRAIN/DR4/MDMA0/SX80.PHN,31,81332,81301
2130,TRAIN/DR4/MESG0/SA1.WAV.wav,TRAIN/DR4/MESG0/SA1.PHN,40,81372,81332
2131,TRAIN/DR4/MESG0/SA2.WAV.wav,TRAIN/DR4/MESG0/SA2.PHN,35,81407,81372
2132,TRAIN/DR4/MESG0/SI1332.WAV.wav,TRAIN/DR4/MESG0/SI1332.PHN,40,81447,81407
2133,TRAIN/DR4/MESG0/SI1962.WAV.wav,TRAIN/DR4/MESG0/SI1962.PHN,26,81473,81447
2134,TRAIN/DR4/MESG0/SI702.WAV.wav,TRAIN/DR4/MESG0/SI702.PHN,37,81510,81473
2135,TRAIN/DR4/MESG0/SX162.WAV.wav,TRAIN/DR4/MESG0/SX162.PHN,37,81547,81510
2136,TRAIN/DR4/MESG0/SX252.WAV.wav,TRAIN/DR4/MESG0/SX252.PHN,36,81583,81547
2137,TRAIN/DR4/MESG0/SX342.WAV.wav,TRAIN/DR4/MESG0/SX342.PHN,36,81619,81583
2138,TRAIN/DR4/MESG0/SX432.WAV.wav,TRAIN/DR4/MESG0/SX432.PHN,55,81674,81619
2139,TRAIN/DR4/MESG0/SX72.WAV.wav,TRAIN/DR4/MESG0/SX72.PHN,25,81699,81674
2140,TRAIN/DR4/MFRM0/SA1.WAV.wav,TRAIN/DR4/MFRM0/SA1.PHN,40,81739,81699
2141,TRAIN/DR4/MFRM0/SA2.WAV.wav,TRAIN/DR4/MFRM0/SA2.PHN,34,81773,81739
2142,TRAIN/DR4/MFRM0/SI1155.WAV.wav,TRAIN/DR4/MFRM0/SI1155.PHN,55,81828,81773
2143,TRAIN/DR4/MFRM0/SI1717.WAV.wav,TRAIN/DR4/MFRM0/SI1717.PHN,28,81856,81828
2144,TRAIN/DR4/MFRM0/SI1785.WAV.wav,TRAIN/DR4/MFRM0/SI1785.PHN,35,81891,81856
2145,TRAIN/DR4/MFRM0/SX165.WAV.wav,TRAIN/DR4/MFRM0/SX165.PHN,41,81932,81891
2146,TRAIN/DR4/MFRM0/SX255.WAV.wav,TRAIN/DR4/MFRM0/SX255.PHN,34,81966,81932
2147,TRAIN/DR4/MFRM0/SX345.WAV.wav,TRAIN/DR4/MFRM0/SX345.PHN,29,81995,81966
2148,TRAIN/DR4/MFRM0/SX435.WAV.wav,TRAIN/DR4/MFRM0/SX435.PHN,48,82043,81995
2149,TRAIN/DR4/MFRM0/SX75.WAV.wav,TRAIN/DR4/MFRM0/SX75.PHN,30,82073,82043
2150,TRAIN/DR4/MFWK0/SA1.WAV.wav,TRAIN/DR4/MFWK0/SA1.PHN,40,82113,82073
2151,TRAIN/DR4/MFWK0/SA2.WAV.wav,TRAIN/DR4/MFWK0/SA2.PHN,32,82145,82113
2152,TRAIN/DR4/MFWK0/SI1249.WAV.wav,TRAIN/DR4/MFWK0/SI1249.PHN,25,82170,82145
2153,TRAIN/DR4/MFWK0/SI1879.WAV.wav,TRAIN/DR4/MFWK0/SI1879.PHN,27,82197,82170
2154,TRAIN/DR4/MFWK0/SI619.WAV.wav,TRAIN/DR4/MFWK0/SI619.PHN,36,82233,82197
2155,TRAIN/DR4/MFWK0/SX169.WAV.wav,TRAIN/DR4/MFWK0/SX169.PHN,41,82274,82233
2156,TRAIN/DR4/MFWK0/SX259.WAV.wav,TRAIN/DR4/MFWK0/SX259.PHN,35,82309,82274
2157,TRAIN/DR4/MFWK0/SX349.WAV.wav,TRAIN/DR4/MFWK0/SX349.PHN,58,82367,82309
2158,TRAIN/DR4/MFWK0/SX439.WAV.wav,TRAIN/DR4/MFWK0/SX439.PHN,45,82412,82367
2159,TRAIN/DR4/MFWK0/SX79.WAV.wav,TRAIN/DR4/MFWK0/SX79.PHN,41,82453,82412
2160,TRAIN/DR4/MGAG0/SA1.WAV.wav,TRAIN/DR4/MGAG0/SA1.PHN,39,82492,82453
2161,TRAIN/DR4/MGAG0/SA2.WAV.wav,TRAIN/DR4/MGAG0/SA2.PHN,32,82524,82492
2162,TRAIN/DR4/MGAG0/SI1321.WAV.wav,TRAIN/DR4/MGAG0/SI1321.PHN,59,82583,82524
2163,TRAIN/DR4/MGAG0/SI645.WAV.wav,TRAIN/DR4/MGAG0/SI645.PHN,23,82606,82583
2164,TRAIN/DR4/MGAG0/SI691.WAV.wav,TRAIN/DR4/MGAG0/SI691.PHN,56,82662,82606
2165,TRAIN/DR4/MGAG0/SX151.WAV.wav,TRAIN/DR4/MGAG0/SX151.PHN,43,82705,82662
2166,TRAIN/DR4/MGAG0/SX241.WAV.wav,TRAIN/DR4/MGAG0/SX241.PHN,33,82738,82705
2167,TRAIN/DR4/MGAG0/SX331.WAV.wav,TRAIN/DR4/MGAG0/SX331.PHN,33,82771,82738
2168,TRAIN/DR4/MGAG0/SX421.WAV.wav,TRAIN/DR4/MGAG0/SX421.PHN,35,82806,82771
2169,TRAIN/DR4/MGAG0/SX61.WAV.wav,TRAIN/DR4/MGAG0/SX61.PHN,37,82843,82806
2170,TRAIN/DR4/MGJC0/SA1.WAV.wav,TRAIN/DR4/MGJC0/SA1.PHN,38,82881,82843
2171,TRAIN/DR4/MGJC0/SA2.WAV.wav,TRAIN/DR4/MGJC0/SA2.PHN,33,82914,82881
2172,TRAIN/DR4/MGJC0/SI1256.WAV.wav,TRAIN/DR4/MGJC0/SI1256.PHN,36,82950,82914
2173,TRAIN/DR4/MGJC0/SI1335.WAV.wav,TRAIN/DR4/MGJC0/SI1335.PHN,37,82987,82950
2174,TRAIN/DR4/MGJC0/SI1965.WAV.wav,TRAIN/DR4/MGJC0/SI1965.PHN,37,83024,82987
2175,TRAIN/DR4/MGJC0/SX165.WAV.wav,TRAIN/DR4/MGJC0/SX165.PHN,40,83064,83024
2176,TRAIN/DR4/MGJC0/SX255.WAV.wav,TRAIN/DR4/MGJC0/SX255.PHN,35,83099,83064
2177,TRAIN/DR4/MGJC0/SX345.WAV.wav,TRAIN/DR4/MGJC0/SX345.PHN,30,83129,83099
2178,TRAIN/DR4/MGJC0/SX435.WAV.wav,TRAIN/DR4/MGJC0/SX435.PHN,49,83178,83129
2179,TRAIN/DR4/MGJC0/SX75.WAV.wav,TRAIN/DR4/MGJC0/SX75.PHN,32,83210,83178
2180,TRAIN/DR4/MGRP0/SA1.WAV.wav,TRAIN/DR4/MGRP0/SA1.PHN,39,83249,83210
2181,TRAIN/DR4/MGRP0/SA2.WAV.wav,TRAIN/DR4/MGRP0/SA2.PHN,34,83283,83249
2182,TRAIN/DR4/MGRP0/SI1317.WAV.wav,TRAIN/DR4/MGRP0/SI1317.PHN,53,83336,83283
2183,TRAIN/DR4/MGRP0/SI1947.WAV.wav,TRAIN/DR4/MGRP0/SI1947.PHN,31,83367,83336
2184,TRAIN/DR4/MGRP0/SI687.WAV.wav,TRAIN/DR4/MGRP0/SI687.PHN,36,83403,83367
2185,TRAIN/DR4/MGRP0/SX147.WAV.wav,TRAIN/DR4/MGRP0/SX147.PHN,48,83451,83403
2186,TRAIN/DR4/MGRP0/SX237.WAV.wav,TRAIN/DR4/MGRP0/SX237.PHN,19,83470,83451
2187,TRAIN/DR4/MGRP0/SX327.WAV.wav,TRAIN/DR4/MGRP0/SX327.PHN,65,83535,83470
2188,TRAIN/DR4/MGRP0/SX417.WAV.wav,TRAIN/DR4/MGRP0/SX417.PHN,38,83573,83535
2189,TRAIN/DR4/MGRP0/SX57.WAV.wav,TRAIN/DR4/MGRP0/SX57.PHN,34,83607,83573
2190,TRAIN/DR4/MGXP0/SA1.WAV.wav,TRAIN/DR4/MGXP0/SA1.PHN,41,83648,83607
2191,TRAIN/DR4/MGXP0/SA2.WAV.wav,TRAIN/DR4/MGXP0/SA2.PHN,37,83685,83648
2192,TRAIN/DR4/MGXP0/SI1087.WAV.wav,TRAIN/DR4/MGXP0/SI1087.PHN,54,83739,83685
2193,TRAIN/DR4/MGXP0/SI457.WAV.wav,TRAIN/DR4/MGXP0/SI457.PHN,30,83769,83739
2194,TRAIN/DR4/MGXP0/SI525.WAV.wav,TRAIN/DR4/MGXP0/SI525.PHN,60,83829,83769
2195,TRAIN/DR4/MGXP0/SX187.WAV.wav,TRAIN/DR4/MGXP0/SX187.PHN,30,83859,83829
2196,TRAIN/DR4/MGXP0/SX277.WAV.wav,TRAIN/DR4/MGXP0/SX277.PHN,28,83887,83859
2197,TRAIN/DR4/MGXP0/SX367.WAV.wav,TRAIN/DR4/MGXP0/SX367.PHN,37,83924,83887
2198,TRAIN/DR4/MGXP0/SX7.WAV.wav,TRAIN/DR4/MGXP0/SX7.PHN,30,83954,83924
2199,TRAIN/DR4/MGXP0/SX97.WAV.wav,TRAIN/DR4/MGXP0/SX97.PHN,36,83990,83954
2200,TRAIN/DR4/MJAC0/SA1.WAV.wav,TRAIN/DR4/MJAC0/SA1.PHN,40,84030,83990
2201,TRAIN/DR4/MJAC0/SA2.WAV.wav,TRAIN/DR4/MJAC0/SA2.PHN,35,84065,84030
2202,TRAIN/DR4/MJAC0/SI1331.WAV.wav,TRAIN/DR4/MJAC0/SI1331.PHN,40,84105,84065
2203,TRAIN/DR4/MJAC0/SI2148.WAV.wav,TRAIN/DR4/MJAC0/SI2148.PHN,14,84119,84105
2204,TRAIN/DR4/MJAC0/SI701.WAV.wav,TRAIN/DR4/MJAC0/SI701.PHN,62,84181,84119
2205,TRAIN/DR4/MJAC0/SX251.WAV.wav,TRAIN/DR4/MJAC0/SX251.PHN,54,84235,84181
2206,TRAIN/DR4/MJAC0/SX307.WAV.wav,TRAIN/DR4/MJAC0/SX307.PHN,20,84255,84235
2207,TRAIN/DR4/MJAC0/SX341.WAV.wav,TRAIN/DR4/MJAC0/SX341.PHN,40,84295,84255
2208,TRAIN/DR4/MJAC0/SX431.WAV.wav,TRAIN/DR4/MJAC0/SX431.PHN,38,84333,84295
2209,TRAIN/DR4/MJAC0/SX71.WAV.wav,TRAIN/DR4/MJAC0/SX71.PHN,29,84362,84333
2210,TRAIN/DR4/MJDC0/SA1.WAV.wav,TRAIN/DR4/MJDC0/SA1.PHN,38,84400,84362
2211,TRAIN/DR4/MJDC0/SA2.WAV.wav,TRAIN/DR4/MJDC0/SA2.PHN,31,84431,84400
2212,TRAIN/DR4/MJDC0/SI1161.WAV.wav,TRAIN/DR4/MJDC0/SI1161.PHN,26,84457,84431
2213,TRAIN/DR4/MJDC0/SI2165.WAV.wav,TRAIN/DR4/MJDC0/SI2165.PHN,16,84473,84457
2214,TRAIN/DR4/MJDC0/SI531.WAV.wav,TRAIN/DR4/MJDC0/SI531.PHN,62,84535,84473
2215,TRAIN/DR4/MJDC0/SX171.WAV.wav,TRAIN/DR4/MJDC0/SX171.PHN,50,84585,84535
2216,TRAIN/DR4/MJDC0/SX261.WAV.wav,TRAIN/DR4/MJDC0/SX261.PHN,24,84609,84585
2217,TRAIN/DR4/MJDC0/SX351.WAV.wav,TRAIN/DR4/MJDC0/SX351.PHN,43,84652,84609
2218,TRAIN/DR4/MJDC0/SX441.WAV.wav,TRAIN/DR4/MJDC0/SX441.PHN,34,84686,84652
2219,TRAIN/DR4/MJDC0/SX81.WAV.wav,TRAIN/DR4/MJDC0/SX81.PHN,29,84715,84686
2220,TRAIN/DR4/MJEE0/SA1.WAV.wav,TRAIN/DR4/MJEE0/SA1.PHN,38,84753,84715
2221,TRAIN/DR4/MJEE0/SA2.WAV.wav,TRAIN/DR4/MJEE0/SA2.PHN,31,84784,84753
2222,TRAIN/DR4/MJEE0/SI1237.WAV.wav,TRAIN/DR4/MJEE0/SI1237.PHN,39,84823,84784
2223,TRAIN/DR4/MJEE0/SI1867.WAV.wav,TRAIN/DR4/MJEE0/SI1867.PHN,37,84860,84823
2224,TRAIN/DR4/MJEE0/SI607.WAV.wav,TRAIN/DR4/MJEE0/SI607.PHN,18,84878,84860
2225,TRAIN/DR4/MJEE0/SX157.WAV.wav,TRAIN/DR4/MJEE0/SX157.PHN,32,84910,84878
2226,TRAIN/DR4/MJEE0/SX247.WAV.wav,TRAIN/DR4/MJEE0/SX247.PHN,44,84954,84910
2227,TRAIN/DR4/MJEE0/SX337.WAV.wav,TRAIN/DR4/MJEE0/SX337.PHN,40,84994,84954
2228,TRAIN/DR4/MJEE0/SX427.WAV.wav,TRAIN/DR4/MJEE0/SX427.PHN,31,85025,84994
2229,TRAIN/DR4/MJEE0/SX67.WAV.wav,TRAIN/DR4/MJEE0/SX67.PHN,44,85069,85025
2230,TRAIN/DR4/MJJJ0/SA1.WAV.wav,TRAIN/DR4/MJJJ0/SA1.PHN,40,85109,85069
2231,TRAIN/DR4/MJJJ0/SA2.WAV.wav,TRAIN/DR4/MJJJ0/SA2.PHN,35,85144,85109
2232,TRAIN/DR4/MJJJ0/SI1163.WAV.wav,TRAIN/DR4/MJJJ0/SI1163.PHN,65,85209,85144
2233,TRAIN/DR4/MJJJ0/SI1793.WAV.wav,TRAIN/DR4/MJJJ0/SI1793.PHN,34,85243,85209
2234,TRAIN/DR4/MJJJ0/SI533.WAV.wav,TRAIN/DR4/MJJJ0/SI533.PHN,31,85274,85243
2235,TRAIN/DR4/MJJJ0/SX173.WAV.wav,TRAIN/DR4/MJJJ0/SX173.PHN,48,85322,85274
2236,TRAIN/DR4/MJJJ0/SX263.WAV.wav,TRAIN/DR4/MJJJ0/SX263.PHN,30,85352,85322
2237,TRAIN/DR4/MJJJ0/SX353.WAV.wav,TRAIN/DR4/MJJJ0/SX353.PHN,32,85384,85352
2238,TRAIN/DR4/MJJJ0/SX443.WAV.wav,TRAIN/DR4/MJJJ0/SX443.PHN,33,85417,85384
2239,TRAIN/DR4/MJJJ0/SX83.WAV.wav,TRAIN/DR4/MJJJ0/SX83.PHN,38,85455,85417
2240,TRAIN/DR4/MJLB0/SA1.WAV.wav,TRAIN/DR4/MJLB0/SA1.PHN,38,85493,85455
2241,TRAIN/DR4/MJLB0/SA2.WAV.wav,TRAIN/DR4/MJLB0/SA2.PHN,33,85526,85493
2242,TRAIN/DR4/MJLB0/SI1616.WAV.wav,TRAIN/DR4/MJLB0/SI1616.PHN,50,85576,85526
2243,TRAIN/DR4/MJLB0/SI2246.WAV.wav,TRAIN/DR4/MJLB0/SI2246.PHN,27,85603,85576
2244,TRAIN/DR4/MJLB0/SI986.WAV.wav,TRAIN/DR4/MJLB0/SI986.PHN,35,85638,85603
2245,TRAIN/DR4/MJLB0/SX176.WAV.wav,TRAIN/DR4/MJLB0/SX176.PHN,45,85683,85638
2246,TRAIN/DR4/MJLB0/SX266.WAV.wav,TRAIN/DR4/MJLB0/SX266.PHN,32,85715,85683
2247,TRAIN/DR4/MJLB0/SX356.WAV.wav,TRAIN/DR4/MJLB0/SX356.PHN,33,85748,85715
2248,TRAIN/DR4/MJLB0/SX446.WAV.wav,TRAIN/DR4/MJLB0/SX446.PHN,39,85787,85748
2249,TRAIN/DR4/MJLB0/SX86.WAV.wav,TRAIN/DR4/MJLB0/SX86.PHN,31,85818,85787
2250,TRAIN/DR4/MJLS0/SA1.WAV.wav,TRAIN/DR4/MJLS0/SA1.PHN,42,85860,85818
2251,TRAIN/DR4/MJLS0/SA2.WAV.wav,TRAIN/DR4/MJLS0/SA2.PHN,37,85897,85860
2252,TRAIN/DR4/MJLS0/SI1096.WAV.wav,TRAIN/DR4/MJLS0/SI1096.PHN,32,85929,85897
2253,TRAIN/DR4/MJLS0/SI1726.WAV.wav,TRAIN/DR4/MJLS0/SI1726.PHN,65,85994,85929
2254,TRAIN/DR4/MJLS0/SI466.WAV.wav,TRAIN/DR4/MJLS0/SI466.PHN,29,86023,85994
2255,TRAIN/DR4/MJLS0/SX106.WAV.wav,TRAIN/DR4/MJLS0/SX106.PHN,30,86053,86023
2256,TRAIN/DR4/MJLS0/SX16.WAV.wav,TRAIN/DR4/MJLS0/SX16.PHN,21,86074,86053
2257,TRAIN/DR4/MJLS0/SX196.WAV.wav,TRAIN/DR4/MJLS0/SX196.PHN,21,86095,86074
2258,TRAIN/DR4/MJLS0/SX286.WAV.wav,TRAIN/DR4/MJLS0/SX286.PHN,52,86147,86095
2259,TRAIN/DR4/MJLS0/SX376.WAV.wav,TRAIN/DR4/MJLS0/SX376.PHN,43,86190,86147
2260,TRAIN/DR4/MJMM0/SA1.WAV.wav,TRAIN/DR4/MJMM0/SA1.PHN,40,86230,86190
2261,TRAIN/DR4/MJMM0/SA2.WAV.wav,TRAIN/DR4/MJMM0/SA2.PHN,30,86260,86230
2262,TRAIN/DR4/MJMM0/SI1255.WAV.wav,TRAIN/DR4/MJMM0/SI1255.PHN,61,86321,86260
2263,TRAIN/DR4/MJMM0/SI1885.WAV.wav,TRAIN/DR4/MJMM0/SI1885.PHN,28,86349,86321
2264,TRAIN/DR4/MJMM0/SI625.WAV.wav,TRAIN/DR4/MJMM0/SI625.PHN,34,86383,86349
2265,TRAIN/DR4/MJMM0/SX175.WAV.wav,TRAIN/DR4/MJMM0/SX175.PHN,56,86439,86383
2266,TRAIN/DR4/MJMM0/SX265.WAV.wav,TRAIN/DR4/MJMM0/SX265.PHN,37,86476,86439
2267,TRAIN/DR4/MJMM0/SX355.WAV.wav,TRAIN/DR4/MJMM0/SX355.PHN,33,86509,86476
2268,TRAIN/DR4/MJMM0/SX445.WAV.wav,TRAIN/DR4/MJMM0/SX445.PHN,35,86544,86509
2269,TRAIN/DR4/MJMM0/SX85.WAV.wav,TRAIN/DR4/MJMM0/SX85.PHN,34,86578,86544
2270,TRAIN/DR4/MJPM1/SA1.WAV.wav,TRAIN/DR4/MJPM1/SA1.PHN,37,86615,86578
2271,TRAIN/DR4/MJPM1/SA2.WAV.wav,TRAIN/DR4/MJPM1/SA2.PHN,31,86646,86615
2272,TRAIN/DR4/MJPM1/SI1897.WAV.wav,TRAIN/DR4/MJPM1/SI1897.PHN,17,86663,86646
2273,TRAIN/DR4/MJPM1/SI2280.WAV.wav,TRAIN/DR4/MJPM1/SI2280.PHN,22,86685,86663
2274,TRAIN/DR4/MJPM1/SI761.WAV.wav,TRAIN/DR4/MJPM1/SI761.PHN,49,86734,86685
2275,TRAIN/DR4/MJPM1/SX131.WAV.wav,TRAIN/DR4/MJPM1/SX131.PHN,28,86762,86734
2276,TRAIN/DR4/MJPM1/SX221.WAV.wav,TRAIN/DR4/MJPM1/SX221.PHN,42,86804,86762
2277,TRAIN/DR4/MJPM1/SX311.WAV.wav,TRAIN/DR4/MJPM1/SX311.PHN,49,86853,86804
2278,TRAIN/DR4/MJPM1/SX401.WAV.wav,TRAIN/DR4/MJPM1/SX401.PHN,36,86889,86853
2279,TRAIN/DR4/MJPM1/SX41.WAV.wav,TRAIN/DR4/MJPM1/SX41.PHN,51,86940,86889
2280,TRAIN/DR4/MJRH0/SA1.WAV.wav,TRAIN/DR4/MJRH0/SA1.PHN,40,86980,86940
2281,TRAIN/DR4/MJRH0/SA2.WAV.wav,TRAIN/DR4/MJRH0/SA2.PHN,33,87013,86980
2282,TRAIN/DR4/MJRH0/SI1125.WAV.wav,TRAIN/DR4/MJRH0/SI1125.PHN,39,87052,87013
2283,TRAIN/DR4/MJRH0/SI1755.WAV.wav,TRAIN/DR4/MJRH0/SI1755.PHN,38,87090,87052
2284,TRAIN/DR4/MJRH0/SI1840.WAV.wav,TRAIN/DR4/MJRH0/SI1840.PHN,63,87153,87090
2285,TRAIN/DR4/MJRH0/SX135.WAV.wav,TRAIN/DR4/MJRH0/SX135.PHN,43,87196,87153
2286,TRAIN/DR4/MJRH0/SX225.WAV.wav,TRAIN/DR4/MJRH0/SX225.PHN,25,87221,87196
2287,TRAIN/DR4/MJRH0/SX315.WAV.wav,TRAIN/DR4/MJRH0/SX315.PHN,31,87252,87221
2288,TRAIN/DR4/MJRH0/SX405.WAV.wav,TRAIN/DR4/MJRH0/SX405.PHN,38,87290,87252
2289,TRAIN/DR4/MJRH0/SX45.WAV.wav,TRAIN/DR4/MJRH0/SX45.PHN,32,87322,87290
2290,TRAIN/DR4/MJSR0/SA1.WAV.wav,TRAIN/DR4/MJSR0/SA1.PHN,41,87363,87322
2291,TRAIN/DR4/MJSR0/SA2.WAV.wav,TRAIN/DR4/MJSR0/SA2.PHN,35,87398,87363
2292,TRAIN/DR4/MJSR0/SI1424.WAV.wav,TRAIN/DR4/MJSR0/SI1424.PHN,41,87439,87398
2293,TRAIN/DR4/MJSR0/SI2054.WAV.wav,TRAIN/DR4/MJSR0/SI2054.PHN,60,87499,87439
2294,TRAIN/DR4/MJSR0/SI794.WAV.wav,TRAIN/DR4/MJSR0/SI794.PHN,57,87556,87499
2295,TRAIN/DR4/MJSR0/SX164.WAV.wav,TRAIN/DR4/MJSR0/SX164.PHN,39,87595,87556
2296,TRAIN/DR4/MJSR0/SX254.WAV.wav,TRAIN/DR4/MJSR0/SX254.PHN,22,87617,87595
2297,TRAIN/DR4/MJSR0/SX344.WAV.wav,TRAIN/DR4/MJSR0/SX344.PHN,25,87642,87617
2298,TRAIN/DR4/MJSR0/SX434.WAV.wav,TRAIN/DR4/MJSR0/SX434.PHN,25,87667,87642
2299,TRAIN/DR4/MJSR0/SX74.WAV.wav,TRAIN/DR4/MJSR0/SX74.PHN,33,87700,87667
2300,TRAIN/DR4/MJWS0/SA1.WAV.wav,TRAIN/DR4/MJWS0/SA1.PHN,40,87740,87700
2301,TRAIN/DR4/MJWS0/SA2.WAV.wav,TRAIN/DR4/MJWS0/SA2.PHN,35,87775,87740
2302,TRAIN/DR4/MJWS0/SI1143.WAV.wav,TRAIN/DR4/MJWS0/SI1143.PHN,32,87807,87775
2303,TRAIN/DR4/MJWS0/SI1773.WAV.wav,TRAIN/DR4/MJWS0/SI1773.PHN,35,87842,87807
2304,TRAIN/DR4/MJWS0/SI513.WAV.wav,TRAIN/DR4/MJWS0/SI513.PHN,38,87880,87842
2305,TRAIN/DR4/MJWS0/SX153.WAV.wav,TRAIN/DR4/MJWS0/SX153.PHN,54,87934,87880
2306,TRAIN/DR4/MJWS0/SX243.WAV.wav,TRAIN/DR4/MJWS0/SX243.PHN,42,87976,87934
2307,TRAIN/DR4/MJWS0/SX333.WAV.wav,TRAIN/DR4/MJWS0/SX333.PHN,46,88022,87976
2308,TRAIN/DR4/MJWS0/SX423.WAV.wav,TRAIN/DR4/MJWS0/SX423.PHN,49,88071,88022
2309,TRAIN/DR4/MJWS0/SX63.WAV.wav,TRAIN/DR4/MJWS0/SX63.PHN,38,88109,88071
2310,TRAIN/DR4/MJXL0/SA1.WAV.wav,TRAIN/DR4/MJXL0/SA1.PHN,41,88150,88109
2311,TRAIN/DR4/MJXL0/SA2.WAV.wav,TRAIN/DR4/MJXL0/SA2.PHN,36,88186,88150
2312,TRAIN/DR4/MJXL0/SI1172.WAV.wav,TRAIN/DR4/MJXL0/SI1172.PHN,62,88248,88186
2313,TRAIN/DR4/MJXL0/SI1795.WAV.wav,TRAIN/DR4/MJXL0/SI1795.PHN,17,88265,88248
2314,TRAIN/DR4/MJXL0/SI542.WAV.wav,TRAIN/DR4/MJXL0/SI542.PHN,31,88296,88265
2315,TRAIN/DR4/MJXL0/SX182.WAV.wav,TRAIN/DR4/MJXL0/SX182.PHN,23,88319,88296
2316,TRAIN/DR4/MJXL0/SX272.WAV.wav,TRAIN/DR4/MJXL0/SX272.PHN,28,88347,88319
2317,TRAIN/DR4/MJXL0/SX362.WAV.wav,TRAIN/DR4/MJXL0/SX362.PHN,43,88390,88347
2318,TRAIN/DR4/MJXL0/SX452.WAV.wav,TRAIN/DR4/MJXL0/SX452.PHN,44,88434,88390
2319,TRAIN/DR4/MJXL0/SX92.WAV.wav,TRAIN/DR4/MJXL0/SX92.PHN,35,88469,88434
2320,TRAIN/DR4/MKAM0/SA1.WAV.wav,TRAIN/DR4/MKAM0/SA1.PHN,42,88511,88469
2321,TRAIN/DR4/MKAM0/SA2.WAV.wav,TRAIN/DR4/MKAM0/SA2.PHN,37,88548,88511
2322,TRAIN/DR4/MKAM0/SI1250.WAV.wav,TRAIN/DR4/MKAM0/SI1250.PHN,59,88607,88548
2323,TRAIN/DR4/MKAM0/SI1316.WAV.wav,TRAIN/DR4/MKAM0/SI1316.PHN,38,88645,88607
2324,TRAIN/DR4/MKAM0/SI1465.WAV.wav,TRAIN/DR4/MKAM0/SI1465.PHN,72,88717,88645
2325,TRAIN/DR4/MKAM0/SX146.WAV.wav,TRAIN/DR4/MKAM0/SX146.PHN,35,88752,88717
2326,TRAIN/DR4/MKAM0/SX236.WAV.wav,TRAIN/DR4/MKAM0/SX236.PHN,32,88784,88752
2327,TRAIN/DR4/MKAM0/SX326.WAV.wav,TRAIN/DR4/MKAM0/SX326.PHN,30,88814,88784
2328,TRAIN/DR4/MKAM0/SX416.WAV.wav,TRAIN/DR4/MKAM0/SX416.PHN,29,88843,88814
2329,TRAIN/DR4/MKAM0/SX56.WAV.wav,TRAIN/DR4/MKAM0/SX56.PHN,43,88886,88843
2330,TRAIN/DR4/MLBC0/SA1.WAV.wav,TRAIN/DR4/MLBC0/SA1.PHN,42,88928,88886
2331,TRAIN/DR4/MLBC0/SA2.WAV.wav,TRAIN/DR4/MLBC0/SA2.PHN,34,88962,88928
2332,TRAIN/DR4/MLBC0/SI1239.WAV.wav,TRAIN/DR4/MLBC0/SI1239.PHN,58,89020,88962
2333,TRAIN/DR4/MLBC0/SI1869.WAV.wav,TRAIN/DR4/MLBC0/SI1869.PHN,22,89042,89020
2334,TRAIN/DR4/MLBC0/SI609.WAV.wav,TRAIN/DR4/MLBC0/SI609.PHN,63,89105,89042
2335,TRAIN/DR4/MLBC0/SX159.WAV.wav,TRAIN/DR4/MLBC0/SX159.PHN,38,89143,89105
2336,TRAIN/DR4/MLBC0/SX249.WAV.wav,TRAIN/DR4/MLBC0/SX249.PHN,28,89171,89143
2337,TRAIN/DR4/MLBC0/SX339.WAV.wav,TRAIN/DR4/MLBC0/SX339.PHN,34,89205,89171
2338,TRAIN/DR4/MLBC0/SX429.WAV.wav,TRAIN/DR4/MLBC0/SX429.PHN,41,89246,89205
2339,TRAIN/DR4/MLBC0/SX69.WAV.wav,TRAIN/DR4/MLBC0/SX69.PHN,37,89283,89246
2340,TRAIN/DR4/MLEL0/SA1.WAV.wav,TRAIN/DR4/MLEL0/SA1.PHN,40,89323,89283
2341,TRAIN/DR4/MLEL0/SA2.WAV.wav,TRAIN/DR4/MLEL0/SA2.PHN,32,89355,89323
2342,TRAIN/DR4/MLEL0/SI1246.WAV.wav,TRAIN/DR4/MLEL0/SI1246.PHN,37,89392,89355
2343,TRAIN/DR4/MLEL0/SI1876.WAV.wav,TRAIN/DR4/MLEL0/SI1876.PHN,21,89413,89392
2344,TRAIN/DR4/MLEL0/SI616.WAV.wav,TRAIN/DR4/MLEL0/SI616.PHN,62,89475,89413
2345,TRAIN/DR4/MLEL0/SX166.WAV.wav,TRAIN/DR4/MLEL0/SX166.PHN,59,89534,89475
2346,TRAIN/DR4/MLEL0/SX256.WAV.wav,TRAIN/DR4/MLEL0/SX256.PHN,34,89568,89534
2347,TRAIN/DR4/MLEL0/SX346.WAV.wav,TRAIN/DR4/MLEL0/SX346.PHN,49,89617,89568
2348,TRAIN/DR4/MLEL0/SX436.WAV.wav,TRAIN/DR4/MLEL0/SX436.PHN,23,89640,89617
2349,TRAIN/DR4/MLEL0/SX76.WAV.wav,TRAIN/DR4/MLEL0/SX76.PHN,39,89679,89640
2350,TRAIN/DR4/MLJC0/SA1.WAV.wav,TRAIN/DR4/MLJC0/SA1.PHN,41,89720,89679
2351,TRAIN/DR4/MLJC0/SA2.WAV.wav,TRAIN/DR4/MLJC0/SA2.PHN,35,89755,89720
2352,TRAIN/DR4/MLJC0/SI1225.WAV.wav,TRAIN/DR4/MLJC0/SI1225.PHN,74,89829,89755
2353,TRAIN/DR4/MLJC0/SI1855.WAV.wav,TRAIN/DR4/MLJC0/SI1855.PHN,19,89848,89829
2354,TRAIN/DR4/MLJC0/SI595.WAV.wav,TRAIN/DR4/MLJC0/SI595.PHN,37,89885,89848
2355,TRAIN/DR4/MLJC0/SX145.WAV.wav,TRAIN/DR4/MLJC0/SX145.PHN,39,89924,89885
2356,TRAIN/DR4/MLJC0/SX235.WAV.wav,TRAIN/DR4/MLJC0/SX235.PHN,32,89956,89924
2357,TRAIN/DR4/MLJC0/SX325.WAV.wav,TRAIN/DR4/MLJC0/SX325.PHN,27,89983,89956
2358,TRAIN/DR4/MLJC0/SX415.WAV.wav,TRAIN/DR4/MLJC0/SX415.PHN,37,90020,89983
2359,TRAIN/DR4/MLJC0/SX55.WAV.wav,TRAIN/DR4/MLJC0/SX55.PHN,44,90064,90020
2360,TRAIN/DR4/MLJH0/SA1.WAV.wav,TRAIN/DR4/MLJH0/SA1.PHN,41,90105,90064
2361,TRAIN/DR4/MLJH0/SA2.WAV.wav,TRAIN/DR4/MLJH0/SA2.PHN,42,90147,90105
2362,TRAIN/DR4/MLJH0/SI1324.WAV.wav,TRAIN/DR4/MLJH0/SI1324.PHN,26,90173,90147
2363,TRAIN/DR4/MLJH0/SI1422.WAV.wav,TRAIN/DR4/MLJH0/SI1422.PHN,71,90244,90173
2364,TRAIN/DR4/MLJH0/SI694.WAV.wav,TRAIN/DR4/MLJH0/SI694.PHN,38,90282,90244
2365,TRAIN/DR4/MLJH0/SX154.WAV.wav,TRAIN/DR4/MLJH0/SX154.PHN,37,90319,90282
2366,TRAIN/DR4/MLJH0/SX244.WAV.wav,TRAIN/DR4/MLJH0/SX244.PHN,47,90366,90319
2367,TRAIN/DR4/MLJH0/SX334.WAV.wav,TRAIN/DR4/MLJH0/SX334.PHN,33,90399,90366
2368,TRAIN/DR4/MLJH0/SX424.WAV.wav,TRAIN/DR4/MLJH0/SX424.PHN,35,90434,90399
2369,TRAIN/DR4/MLJH0/SX64.WAV.wav,TRAIN/DR4/MLJH0/SX64.PHN,38,90472,90434
2370,TRAIN/DR4/MLSH0/SA1.WAV.wav,TRAIN/DR4/MLSH0/SA1.PHN,41,90513,90472
2371,TRAIN/DR4/MLSH0/SA2.WAV.wav,TRAIN/DR4/MLSH0/SA2.PHN,34,90547,90513
2372,TRAIN/DR4/MLSH0/SI1417.WAV.wav,TRAIN/DR4/MLSH0/SI1417.PHN,56,90603,90547
2373,TRAIN/DR4/MLSH0/SI2047.WAV.wav,TRAIN/DR4/MLSH0/SI2047.PHN,31,90634,90603
2374,TRAIN/DR4/MLSH0/SI787.WAV.wav,TRAIN/DR4/MLSH0/SI787.PHN,31,90665,90634
2375,TRAIN/DR4/MLSH0/SX157.WAV.wav,TRAIN/DR4/MLSH0/SX157.PHN,35,90700,90665
2376,TRAIN/DR4/MLSH0/SX247.WAV.wav,TRAIN/DR4/MLSH0/SX247.PHN,49,90749,90700
2377,TRAIN/DR4/MLSH0/SX337.WAV.wav,TRAIN/DR4/MLSH0/SX337.PHN,40,90789,90749
2378,TRAIN/DR4/MLSH0/SX427.WAV.wav,TRAIN/DR4/MLSH0/SX427.PHN,30,90819,90789
2379,TRAIN/DR4/MLSH0/SX67.WAV.wav,TRAIN/DR4/MLSH0/SX67.PHN,42,90861,90819
2380,TRAIN/DR4/MMBS0/SA1.WAV.wav,TRAIN/DR4/MMBS0/SA1.PHN,41,90902,90861
2381,TRAIN/DR4/MMBS0/SA2.WAV.wav,TRAIN/DR4/MMBS0/SA2.PHN,35,90937,90902
2382,TRAIN/DR4/MMBS0/SI1151.WAV.wav,TRAIN/DR4/MMBS0/SI1151.PHN,27,90964,90937
2383,TRAIN/DR4/MMBS0/SI1781.WAV.wav,TRAIN/DR4/MMBS0/SI1781.PHN,15,90979,90964
2384,TRAIN/DR4/MMBS0/SI521.WAV.wav,TRAIN/DR4/MMBS0/SI521.PHN,61,91040,90979
2385,TRAIN/DR4/MMBS0/SX161.WAV.wav,TRAIN/DR4/MMBS0/SX161.PHN,54,91094,91040
2386,TRAIN/DR4/MMBS0/SX251.WAV.wav,TRAIN/DR4/MMBS0/SX251.PHN,55,91149,91094
2387,TRAIN/DR4/MMBS0/SX341.WAV.wav,TRAIN/DR4/MMBS0/SX341.PHN,44,91193,91149
2388,TRAIN/DR4/MMBS0/SX431.WAV.wav,TRAIN/DR4/MMBS0/SX431.PHN,36,91229,91193
2389,TRAIN/DR4/MMBS0/SX71.WAV.wav,TRAIN/DR4/MMBS0/SX71.PHN,32,91261,91229
2390,TRAIN/DR4/MMDM0/SA1.WAV.wav,TRAIN/DR4/MMDM0/SA1.PHN,39,91300,91261
2391,TRAIN/DR4/MMDM0/SA2.WAV.wav,TRAIN/DR4/MMDM0/SA2.PHN,32,91332,91300
2392,TRAIN/DR4/MMDM0/SI1311.WAV.wav,TRAIN/DR4/MMDM0/SI1311.PHN,64,91396,91332
2393,TRAIN/DR4/MMDM0/SI1941.WAV.wav,TRAIN/DR4/MMDM0/SI1941.PHN,21,91417,91396
2394,TRAIN/DR4/MMDM0/SI681.WAV.wav,TRAIN/DR4/MMDM0/SI681.PHN,31,91448,91417
2395,TRAIN/DR4/MMDM0/SX141.WAV.wav,TRAIN/DR4/MMDM0/SX141.PHN,47,91495,91448
2396,TRAIN/DR4/MMDM0/SX231.WAV.wav,TRAIN/DR4/MMDM0/SX231.PHN,13,91508,91495
2397,TRAIN/DR4/MMDM0/SX321.WAV.wav,TRAIN/DR4/MMDM0/SX321.PHN,45,91553,91508
2398,TRAIN/DR4/MMDM0/SX411.WAV.wav,TRAIN/DR4/MMDM0/SX411.PHN,39,91592,91553
2399,TRAIN/DR4/MMDM0/SX51.WAV.wav,TRAIN/DR4/MMDM0/SX51.PHN,44,91636,91592
2400,TRAIN/DR4/MMGC0/SA1.WAV.wav,TRAIN/DR4/MMGC0/SA1.PHN,39,91675,91636
2401,TRAIN/DR4/MMGC0/SA2.WAV.wav,TRAIN/DR4/MMGC0/SA2.PHN,31,91706,91675
2402,TRAIN/DR4/MMGC0/SI1305.WAV.wav,TRAIN/DR4/MMGC0/SI1305.PHN,59,91765,91706
2403,TRAIN/DR4/MMGC0/SI1935.WAV.wav,TRAIN/DR4/MMGC0/SI1935.PHN,37,91802,91765
2404,TRAIN/DR4/MMGC0/SI2184.WAV.wav,TRAIN/DR4/MMGC0/SI2184.PHN,23,91825,91802
2405,TRAIN/DR4/MMGC0/SX135.WAV.wav,TRAIN/DR4/MMGC0/SX135.PHN,44,91869,91825
2406,TRAIN/DR4/MMGC0/SX225.WAV.wav,TRAIN/DR4/MMGC0/SX225.PHN,28,91897,91869
2407,TRAIN/DR4/MMGC0/SX315.WAV.wav,TRAIN/DR4/MMGC0/SX315.PHN,29,91926,91897
2408,TRAIN/DR4/MMGC0/SX405.WAV.wav,TRAIN/DR4/MMGC0/SX405.PHN,39,91965,91926
2409,TRAIN/DR4/MMGC0/SX45.WAV.wav,TRAIN/DR4/MMGC0/SX45.PHN,35,92000,91965
2410,TRAIN/DR4/MNET0/SA1.WAV.wav,TRAIN/DR4/MNET0/SA1.PHN,39,92039,92000
2411,TRAIN/DR4/MNET0/SA2.WAV.wav,TRAIN/DR4/MNET0/SA2.PHN,33,92072,92039
2412,TRAIN/DR4/MNET0/SI1446.WAV.wav,TRAIN/DR4/MNET0/SI1446.PHN,54,92126,92072
2413,TRAIN/DR4/MNET0/SI2076.WAV.wav,TRAIN/DR4/MNET0/SI2076.PHN,23,92149,92126
2414,TRAIN/DR4/MNET0/SI816.WAV.wav,TRAIN/DR4/MNET0/SI816.PHN,38,92187,92149
2415,TRAIN/DR4/MNET0/SX186.WAV.wav,TRAIN/DR4/MNET0/SX186.PHN,29,92216,92187
2416,TRAIN/DR4/MNET0/SX276.WAV.wav,TRAIN/DR4/MNET0/SX276.PHN,32,92248,92216
2417,TRAIN/DR4/MNET0/SX366.WAV.wav,TRAIN/DR4/MNET0/SX366.PHN,51,92299,92248
2418,TRAIN/DR4/MNET0/SX6.WAV.wav,TRAIN/DR4/MNET0/SX6.PHN,24,92323,92299
2419,TRAIN/DR4/MNET0/SX96.WAV.wav,TRAIN/DR4/MNET0/SX96.PHN,36,92359,92323
2420,TRAIN/DR4/MPEB0/SA1.WAV.wav,TRAIN/DR4/MPEB0/SA1.PHN,40,92399,92359
2421,TRAIN/DR4/MPEB0/SA2.WAV.wav,TRAIN/DR4/MPEB0/SA2.PHN,36,92435,92399
2422,TRAIN/DR4/MPEB0/SI1034.WAV.wav,TRAIN/DR4/MPEB0/SI1034.PHN,19,92454,92435
2423,TRAIN/DR4/MPEB0/SI1860.WAV.wav,TRAIN/DR4/MPEB0/SI1860.PHN,22,92476,92454
2424,TRAIN/DR4/MPEB0/SI600.WAV.wav,TRAIN/DR4/MPEB0/SI600.PHN,57,92533,92476
2425,TRAIN/DR4/MPEB0/SX150.WAV.wav,TRAIN/DR4/MPEB0/SX150.PHN,32,92565,92533
2426,TRAIN/DR4/MPEB0/SX240.WAV.wav,TRAIN/DR4/MPEB0/SX240.PHN,41,92606,92565
2427,TRAIN/DR4/MPEB0/SX330.WAV.wav,TRAIN/DR4/MPEB0/SX330.PHN,39,92645,92606
2428,TRAIN/DR4/MPEB0/SX420.WAV.wav,TRAIN/DR4/MPEB0/SX420.PHN,46,92691,92645
2429,TRAIN/DR4/MPEB0/SX60.WAV.wav,TRAIN/DR4/MPEB0/SX60.PHN,53,92744,92691
2430,TRAIN/DR4/MPRK0/SA1.WAV.wav,TRAIN/DR4/MPRK0/SA1.PHN,42,92786,92744
2431,TRAIN/DR4/MPRK0/SA2.WAV.wav,TRAIN/DR4/MPRK0/SA2.PHN,36,92822,92786
2432,TRAIN/DR4/MPRK0/SI1097.WAV.wav,TRAIN/DR4/MPRK0/SI1097.PHN,59,92881,92822
2433,TRAIN/DR4/MPRK0/SI1727.WAV.wav,TRAIN/DR4/MPRK0/SI1727.PHN,21,92902,92881
2434,TRAIN/DR4/MPRK0/SI467.WAV.wav,TRAIN/DR4/MPRK0/SI467.PHN,43,92945,92902
2435,TRAIN/DR4/MPRK0/SX107.WAV.wav,TRAIN/DR4/MPRK0/SX107.PHN,36,92981,92945
2436,TRAIN/DR4/MPRK0/SX17.WAV.wav,TRAIN/DR4/MPRK0/SX17.PHN,21,93002,92981
2437,TRAIN/DR4/MPRK0/SX197.WAV.wav,TRAIN/DR4/MPRK0/SX197.PHN,26,93028,93002
2438,TRAIN/DR4/MPRK0/SX287.WAV.wav,TRAIN/DR4/MPRK0/SX287.PHN,40,93068,93028
2439,TRAIN/DR4/MPRK0/SX377.WAV.wav,TRAIN/DR4/MPRK0/SX377.PHN,42,93110,93068
2440,TRAIN/DR4/MPRT0/SA1.WAV.wav,TRAIN/DR4/MPRT0/SA1.PHN,41,93151,93110
2441,TRAIN/DR4/MPRT0/SA2.WAV.wav,TRAIN/DR4/MPRT0/SA2.PHN,32,93183,93151
2442,TRAIN/DR4/MPRT0/SI1210.WAV.wav,TRAIN/DR4/MPRT0/SI1210.PHN,54,93237,93183
2443,TRAIN/DR4/MPRT0/SI495.WAV.wav,TRAIN/DR4/MPRT0/SI495.PHN,22,93259,93237
2444,TRAIN/DR4/MPRT0/SI580.WAV.wav,TRAIN/DR4/MPRT0/SI580.PHN,32,93291,93259
2445,TRAIN/DR4/MPRT0/SX130.WAV.wav,TRAIN/DR4/MPRT0/SX130.PHN,33,93324,93291
2446,TRAIN/DR4/MPRT0/SX220.WAV.wav,TRAIN/DR4/MPRT0/SX220.PHN,47,93371,93324
2447,TRAIN/DR4/MPRT0/SX310.WAV.wav,TRAIN/DR4/MPRT0/SX310.PHN,34,93405,93371
2448,TRAIN/DR4/MPRT0/SX40.WAV.wav,TRAIN/DR4/MPRT0/SX40.PHN,46,93451,93405
2449,TRAIN/DR4/MPRT0/SX400.WAV.wav,TRAIN/DR4/MPRT0/SX400.PHN,33,93484,93451
2450,TRAIN/DR4/MRAB1/SA1.WAV.wav,TRAIN/DR4/MRAB1/SA1.PHN,39,93523,93484
2451,TRAIN/DR4/MRAB1/SA2.WAV.wav,TRAIN/DR4/MRAB1/SA2.PHN,32,93555,93523
2452,TRAIN/DR4/MRAB1/SI1478.WAV.wav,TRAIN/DR4/MRAB1/SI1478.PHN,39,93594,93555
2453,TRAIN/DR4/MRAB1/SI2108.WAV.wav,TRAIN/DR4/MRAB1/SI2108.PHN,36,93630,93594
2454,TRAIN/DR4/MRAB1/SI848.WAV.wav,TRAIN/DR4/MRAB1/SI848.PHN,60,93690,93630
2455,TRAIN/DR4/MRAB1/SX128.WAV.wav,TRAIN/DR4/MRAB1/SX128.PHN,27,93717,93690
2456,TRAIN/DR4/MRAB1/SX218.WAV.wav,TRAIN/DR4/MRAB1/SX218.PHN,43,93760,93717
2457,TRAIN/DR4/MRAB1/SX308.WAV.wav,TRAIN/DR4/MRAB1/SX308.PHN,34,93794,93760
2458,TRAIN/DR4/MRAB1/SX38.WAV.wav,TRAIN/DR4/MRAB1/SX38.PHN,42,93836,93794
2459,TRAIN/DR4/MRAB1/SX398.WAV.wav,TRAIN/DR4/MRAB1/SX398.PHN,43,93879,93836
2460,TRAIN/DR4/MRFL0/SA1.WAV.wav,TRAIN/DR4/MRFL0/SA1.PHN,42,93921,93879
2461,TRAIN/DR4/MRFL0/SA2.WAV.wav,TRAIN/DR4/MRFL0/SA2.PHN,34,93955,93921
2462,TRAIN/DR4/MRFL0/SI1156.WAV.wav,TRAIN/DR4/MRFL0/SI1156.PHN,58,94013,93955
2463,TRAIN/DR4/MRFL0/SI1786.WAV.wav,TRAIN/DR4/MRFL0/SI1786.PHN,21,94034,94013
2464,TRAIN/DR4/MRFL0/SI526.WAV.wav,TRAIN/DR4/MRFL0/SI526.PHN,63,94097,94034
2465,TRAIN/DR4/MRFL0/SX166.WAV.wav,TRAIN/DR4/MRFL0/SX166.PHN,57,94154,94097
2466,TRAIN/DR4/MRFL0/SX256.WAV.wav,TRAIN/DR4/MRFL0/SX256.PHN,35,94189,94154
2467,TRAIN/DR4/MRFL0/SX346.WAV.wav,TRAIN/DR4/MRFL0/SX346.PHN,46,94235,94189
2468,TRAIN/DR4/MRFL0/SX436.WAV.wav,TRAIN/DR4/MRFL0/SX436.PHN,23,94258,94235
2469,TRAIN/DR4/MRFL0/SX76.WAV.wav,TRAIN/DR4/MRFL0/SX76.PHN,41,94299,94258
2470,TRAIN/DR4/MRGM0/SA1.WAV.wav,TRAIN/DR4/MRGM0/SA1.PHN,40,94339,94299
2471,TRAIN/DR4/MRGM0/SA2.WAV.wav,TRAIN/DR4/MRGM0/SA2.PHN,35,94374,94339
2472,TRAIN/DR4/MRGM0/SI1162.WAV.wav,TRAIN/DR4/MRGM0/SI1162.PHN,39,94413,94374
2473,TRAIN/DR4/MRGM0/SI1792.WAV.wav,TRAIN/DR4/MRGM0/SI1792.PHN,39,94452,94413
2474,TRAIN/DR4/MRGM0/SI532.WAV.wav,TRAIN/DR4/MRGM0/SI532.PHN,57,94509,94452
2475,TRAIN/DR4/MRGM0/SX172.WAV.wav,TRAIN/DR4/MRGM0/SX172.PHN,43,94552,94509
2476,TRAIN/DR4/MRGM0/SX262.WAV.wav,TRAIN/DR4/MRGM0/SX262.PHN,32,94584,94552
2477,TRAIN/DR4/MRGM0/SX416.WAV.wav,TRAIN/DR4/MRGM0/SX416.PHN,27,94611,94584
2478,TRAIN/DR4/MRGM0/SX442.WAV.wav,TRAIN/DR4/MRGM0/SX442.PHN,49,94660,94611
2479,TRAIN/DR4/MRGM0/SX82.WAV.wav,TRAIN/DR4/MRGM0/SX82.PHN,34,94694,94660
2480,TRAIN/DR4/MRSP0/SA1.WAV.wav,TRAIN/DR4/MRSP0/SA1.PHN,41,94735,94694
2481,TRAIN/DR4/MRSP0/SA2.WAV.wav,TRAIN/DR4/MRSP0/SA2.PHN,33,94768,94735
2482,TRAIN/DR4/MRSP0/SI1429.WAV.wav,TRAIN/DR4/MRSP0/SI1429.PHN,63,94831,94768
2483,TRAIN/DR4/MRSP0/SI2059.WAV.wav,TRAIN/DR4/MRSP0/SI2059.PHN,41,94872,94831
2484,TRAIN/DR4/MRSP0/SI799.WAV.wav,TRAIN/DR4/MRSP0/SI799.PHN,33,94905,94872
2485,TRAIN/DR4/MRSP0/SX169.WAV.wav,TRAIN/DR4/MRSP0/SX169.PHN,42,94947,94905
2486,TRAIN/DR4/MRSP0/SX196.WAV.wav,TRAIN/DR4/MRSP0/SX196.PHN,20,94967,94947
2487,TRAIN/DR4/MRSP0/SX259.WAV.wav,TRAIN/DR4/MRSP0/SX259.PHN,39,95006,94967
2488,TRAIN/DR4/MRSP0/SX439.WAV.wav,TRAIN/DR4/MRSP0/SX439.PHN,46,95052,95006
2489,TRAIN/DR4/MRSP0/SX79.WAV.wav,TRAIN/DR4/MRSP0/SX79.PHN,41,95093,95052
2490,TRAIN/DR4/MSFH0/SA1.WAV.wav,TRAIN/DR4/MSFH0/SA1.PHN,43,95136,95093
2491,TRAIN/DR4/MSFH0/SA2.WAV.wav,TRAIN/DR4/MSFH0/SA2.PHN,35,95171,95136
2492,TRAIN/DR4/MSFH0/SI1216.WAV.wav,TRAIN/DR4/MSFH0/SI1216.PHN,25,95196,95171
2493,TRAIN/DR4/MSFH0/SI1738.WAV.wav,TRAIN/DR4/MSFH0/SI1738.PHN,53,95249,95196
2494,TRAIN/DR4/MSFH0/SI586.WAV.wav,TRAIN/DR4/MSFH0/SI586.PHN,33,95282,95249
2495,TRAIN/DR4/MSFH0/SX136.WAV.wav,TRAIN/DR4/MSFH0/SX136.PHN,52,95334,95282
2496,TRAIN/DR4/MSFH0/SX226.WAV.wav,TRAIN/DR4/MSFH0/SX226.PHN,42,95376,95334
2497,TRAIN/DR4/MSFH0/SX316.WAV.wav,TRAIN/DR4/MSFH0/SX316.PHN,28,95404,95376
2498,TRAIN/DR4/MSFH0/SX406.WAV.wav,TRAIN/DR4/MSFH0/SX406.PHN,48,95452,95404
2499,TRAIN/DR4/MSFH0/SX46.WAV.wav,TRAIN/DR4/MSFH0/SX46.PHN,32,95484,95452
2500,TRAIN/DR4/MSMC0/SA1.WAV.wav,TRAIN/DR4/MSMC0/SA1.PHN,39,95523,95484
2501,TRAIN/DR4/MSMC0/SA2.WAV.wav,TRAIN/DR4/MSMC0/SA2.PHN,34,95557,95523
2502,TRAIN/DR4/MSMC0/SI1907.WAV.wav,TRAIN/DR4/MSMC0/SI1907.PHN,32,95589,95557
2503,TRAIN/DR4/MSMC0/SI509.WAV.wav,TRAIN/DR4/MSMC0/SI509.PHN,62,95651,95589
2504,TRAIN/DR4/MSMC0/SI647.WAV.wav,TRAIN/DR4/MSMC0/SI647.PHN,36,95687,95651
2505,TRAIN/DR4/MSMC0/SX107.WAV.wav,TRAIN/DR4/MSMC0/SX107.PHN,36,95723,95687
2506,TRAIN/DR4/MSMC0/SX17.WAV.wav,TRAIN/DR4/MSMC0/SX17.PHN,20,95743,95723
2507,TRAIN/DR4/MSMC0/SX197.WAV.wav,TRAIN/DR4/MSMC0/SX197.PHN,24,95767,95743
2508,TRAIN/DR4/MSMC0/SX287.WAV.wav,TRAIN/DR4/MSMC0/SX287.PHN,38,95805,95767
2509,TRAIN/DR4/MSMC0/SX377.WAV.wav,TRAIN/DR4/MSMC0/SX377.PHN,41,95846,95805
2510,TRAIN/DR4/MSMS0/SA1.WAV.wav,TRAIN/DR4/MSMS0/SA1.PHN,38,95884,95846
2511,TRAIN/DR4/MSMS0/SA2.WAV.wav,TRAIN/DR4/MSMS0/SA2.PHN,34,95918,95884
2512,TRAIN/DR4/MSMS0/SI1433.WAV.wav,TRAIN/DR4/MSMS0/SI1433.PHN,66,95984,95918
2513,TRAIN/DR4/MSMS0/SI2063.WAV.wav,TRAIN/DR4/MSMS0/SI2063.PHN,32,96016,95984
2514,TRAIN/DR4/MSMS0/SI803.WAV.wav,TRAIN/DR4/MSMS0/SI803.PHN,46,96062,96016
2515,TRAIN/DR4/MSMS0/SX173.WAV.wav,TRAIN/DR4/MSMS0/SX173.PHN,47,96109,96062
2516,TRAIN/DR4/MSMS0/SX263.WAV.wav,TRAIN/DR4/MSMS0/SX263.PHN,29,96138,96109
2517,TRAIN/DR4/MSMS0/SX353.WAV.wav,TRAIN/DR4/MSMS0/SX353.PHN,32,96170,96138
2518,TRAIN/DR4/MSMS0/SX443.WAV.wav,TRAIN/DR4/MSMS0/SX443.PHN,31,96201,96170
2519,TRAIN/DR4/MSMS0/SX83.WAV.wav,TRAIN/DR4/MSMS0/SX83.PHN,35,96236,96201
2520,TRAIN/DR4/MSRG0/SA1.WAV.wav,TRAIN/DR4/MSRG0/SA1.PHN,40,96276,96236
2521,TRAIN/DR4/MSRG0/SA2.WAV.wav,TRAIN/DR4/MSRG0/SA2.PHN,34,96310,96276
2522,TRAIN/DR4/MSRG0/SI1221.WAV.wav,TRAIN/DR4/MSRG0/SI1221.PHN,58,96368,96310
2523,TRAIN/DR4/MSRG0/SI1851.WAV.wav,TRAIN/DR4/MSRG0/SI1851.PHN,21,96389,96368
2524,TRAIN/DR4/MSRG0/SI591.WAV.wav,TRAIN/DR4/MSRG0/SI591.PHN,56,96445,96389
2525,TRAIN/DR4/MSRG0/SX141.WAV.wav,TRAIN/DR4/MSRG0/SX141.PHN,49,96494,96445
2526,TRAIN/DR4/MSRG0/SX231.WAV.wav,TRAIN/DR4/MSRG0/SX231.PHN,11,96505,96494
2527,TRAIN/DR4/MSRG0/SX321.WAV.wav,TRAIN/DR4/MSRG0/SX321.PHN,50,96555,96505
2528,TRAIN/DR4/MSRG0/SX411.WAV.wav,TRAIN/DR4/MSRG0/SX411.PHN,41,96596,96555
2529,TRAIN/DR4/MSRG0/SX51.WAV.wav,TRAIN/DR4/MSRG0/SX51.PHN,41,96637,96596
2530,TRAIN/DR4/MSTF0/SA1.WAV.wav,TRAIN/DR4/MSTF0/SA1.PHN,42,96679,96637
2531,TRAIN/DR4/MSTF0/SA2.WAV.wav,TRAIN/DR4/MSTF0/SA2.PHN,32,96711,96679
2532,TRAIN/DR4/MSTF0/SI1396.WAV.wav,TRAIN/DR4/MSTF0/SI1396.PHN,35,96746,96711
2533,TRAIN/DR4/MSTF0/SI766.WAV.wav,TRAIN/DR4/MSTF0/SI766.PHN,20,96766,96746
2534,TRAIN/DR4/MSTF0/SI852.WAV.wav,TRAIN/DR4/MSTF0/SI852.PHN,65,96831,96766
2535,TRAIN/DR4/MSTF0/SX136.WAV.wav,TRAIN/DR4/MSTF0/SX136.PHN,53,96884,96831
2536,TRAIN/DR4/MSTF0/SX226.WAV.wav,TRAIN/DR4/MSTF0/SX226.PHN,40,96924,96884
2537,TRAIN/DR4/MSTF0/SX316.WAV.wav,TRAIN/DR4/MSTF0/SX316.PHN,29,96953,96924
2538,TRAIN/DR4/MSTF0/SX406.WAV.wav,TRAIN/DR4/MSTF0/SX406.PHN,49,97002,96953
2539,TRAIN/DR4/MSTF0/SX46.WAV.wav,TRAIN/DR4/MSTF0/SX46.PHN,32,97034,97002
2540,TRAIN/DR4/MTAS0/SA1.WAV.wav,TRAIN/DR4/MTAS0/SA1.PHN,38,97072,97034
2541,TRAIN/DR4/MTAS0/SA2.WAV.wav,TRAIN/DR4/MTAS0/SA2.PHN,31,97103,97072
2542,TRAIN/DR4/MTAS0/SI1385.WAV.wav,TRAIN/DR4/MTAS0/SI1385.PHN,57,97160,97103
2543,TRAIN/DR4/MTAS0/SI2015.WAV.wav,TRAIN/DR4/MTAS0/SI2015.PHN,26,97186,97160
2544,TRAIN/DR4/MTAS0/SI755.WAV.wav,TRAIN/DR4/MTAS0/SI755.PHN,39,97225,97186
2545,TRAIN/DR4/MTAS0/SX125.WAV.wav,TRAIN/DR4/MTAS0/SX125.PHN,28,97253,97225
2546,TRAIN/DR4/MTAS0/SX215.WAV.wav,TRAIN/DR4/MTAS0/SX215.PHN,34,97287,97253
2547,TRAIN/DR4/MTAS0/SX305.WAV.wav,TRAIN/DR4/MTAS0/SX305.PHN,28,97315,97287
2548,TRAIN/DR4/MTAS0/SX35.WAV.wav,TRAIN/DR4/MTAS0/SX35.PHN,30,97345,97315
2549,TRAIN/DR4/MTAS0/SX395.WAV.wav,TRAIN/DR4/MTAS0/SX395.PHN,36,97381,97345
2550,TRAIN/DR4/MTQC0/SA1.WAV.wav,TRAIN/DR4/MTQC0/SA1.PHN,43,97424,97381
2551,TRAIN/DR4/MTQC0/SA2.WAV.wav,TRAIN/DR4/MTQC0/SA2.PHN,35,97459,97424
2552,TRAIN/DR4/MTQC0/SI1441.WAV.wav,TRAIN/DR4/MTQC0/SI1441.PHN,68,97527,97459
2553,TRAIN/DR4/MTQC0/SI2071.WAV.wav,TRAIN/DR4/MTQC0/SI2071.PHN,22,97549,97527
2554,TRAIN/DR4/MTQC0/SI480.WAV.wav,TRAIN/DR4/MTQC0/SI480.PHN,23,97572,97549
2555,TRAIN/DR4/MTQC0/SX181.WAV.wav,TRAIN/DR4/MTQC0/SX181.PHN,47,97619,97572
2556,TRAIN/DR4/MTQC0/SX271.WAV.wav,TRAIN/DR4/MTQC0/SX271.PHN,32,97651,97619
2557,TRAIN/DR4/MTQC0/SX361.WAV.wav,TRAIN/DR4/MTQC0/SX361.PHN,36,97687,97651
2558,TRAIN/DR4/MTQC0/SX451.WAV.wav,TRAIN/DR4/MTQC0/SX451.PHN,51,97738,97687
2559,TRAIN/DR4/MTQC0/SX91.WAV.wav,TRAIN/DR4/MTQC0/SX91.PHN,39,97777,97738
2560,TRAIN/DR4/MTRC0/SA1.WAV.wav,TRAIN/DR4/MTRC0/SA1.PHN,38,97815,97777
2561,TRAIN/DR4/MTRC0/SA2.WAV.wav,TRAIN/DR4/MTRC0/SA2.PHN,32,97847,97815
2562,TRAIN/DR4/MTRC0/SI1623.WAV.wav,TRAIN/DR4/MTRC0/SI1623.PHN,37,97884,97847
2563,TRAIN/DR4/MTRC0/SI589.WAV.wav,TRAIN/DR4/MTRC0/SI589.PHN,64,97948,97884
2564,TRAIN/DR4/MTRC0/SI993.WAV.wav,TRAIN/DR4/MTRC0/SI993.PHN,28,97976,97948
2565,TRAIN/DR4/MTRC0/SX170.WAV.wav,TRAIN/DR4/MTRC0/SX170.PHN,57,98033,97976
2566,TRAIN/DR4/MTRC0/SX183.WAV.wav,TRAIN/DR4/MTRC0/SX183.PHN,29,98062,98033
2567,TRAIN/DR4/MTRC0/SX273.WAV.wav,TRAIN/DR4/MTRC0/SX273.PHN,30,98092,98062
2568,TRAIN/DR4/MTRC0/SX363.WAV.wav,TRAIN/DR4/MTRC0/SX363.PHN,40,98132,98092
2569,TRAIN/DR4/MTRC0/SX93.WAV.wav,TRAIN/DR4/MTRC0/SX93.PHN,25,98157,98132
2570,TRAIN/DR4/MTRT0/SA1.WAV.wav,TRAIN/DR4/MTRT0/SA1.PHN,38,98195,98157
2571,TRAIN/DR4/MTRT0/SA2.WAV.wav,TRAIN/DR4/MTRT0/SA2.PHN,33,98228,98195
2572,TRAIN/DR4/MTRT0/SI1227.WAV.wav,TRAIN/DR4/MTRT0/SI1227.PHN,62,98290,98228
2573,TRAIN/DR4/MTRT0/SI1857.WAV.wav,TRAIN/DR4/MTRT0/SI1857.PHN,42,98332,98290
2574,TRAIN/DR4/MTRT0/SI597.WAV.wav,TRAIN/DR4/MTRT0/SI597.PHN,34,98366,98332
2575,TRAIN/DR4/MTRT0/SX147.WAV.wav,TRAIN/DR4/MTRT0/SX147.PHN,42,98408,98366
2576,TRAIN/DR4/MTRT0/SX237.WAV.wav,TRAIN/DR4/MTRT0/SX237.PHN,18,98426,98408
2577,TRAIN/DR4/MTRT0/SX254.WAV.wav,TRAIN/DR4/MTRT0/SX254.PHN,22,98448,98426
2578,TRAIN/DR4/MTRT0/SX417.WAV.wav,TRAIN/DR4/MTRT0/SX417.PHN,40,98488,98448
2579,TRAIN/DR4/MTRT0/SX57.WAV.wav,TRAIN/DR4/MTRT0/SX57.PHN,31,98519,98488
2580,TRAIN/DR5/FBJL0/SA1.WAV.wav,TRAIN/DR5/FBJL0/SA1.PHN,42,98561,98519
2581,TRAIN/DR5/FBJL0/SA2.WAV.wav,TRAIN/DR5/FBJL0/SA2.PHN,33,98594,98561
2582,TRAIN/DR5/FBJL0/SI1552.WAV.wav,TRAIN/DR5/FBJL0/SI1552.PHN,38,98632,98594
2583,TRAIN/DR5/FBJL0/SI2182.WAV.wav,TRAIN/DR5/FBJL0/SI2182.PHN,30,98662,98632
2584,TRAIN/DR5/FBJL0/SI922.WAV.wav,TRAIN/DR5/FBJL0/SI922.PHN,66,98728,98662
2585,TRAIN/DR5/FBJL0/SX112.WAV.wav,TRAIN/DR5/FBJL0/SX112.PHN,38,98766,98728
2586,TRAIN/DR5/FBJL0/SX202.WAV.wav,TRAIN/DR5/FBJL0/SX202.PHN,23,98789,98766
2587,TRAIN/DR5/FBJL0/SX22.WAV.wav,TRAIN/DR5/FBJL0/SX22.PHN,22,98811,98789
2588,TRAIN/DR5/FBJL0/SX292.WAV.wav,TRAIN/DR5/FBJL0/SX292.PHN,50,98861,98811
2589,TRAIN/DR5/FBJL0/SX382.WAV.wav,TRAIN/DR5/FBJL0/SX382.PHN,40,98901,98861
2590,TRAIN/DR5/FBMH0/SA1.WAV.wav,TRAIN/DR5/FBMH0/SA1.PHN,40,98941,98901
2591,TRAIN/DR5/FBMH0/SA2.WAV.wav,TRAIN/DR5/FBMH0/SA2.PHN,36,98977,98941
2592,TRAIN/DR5/FBMH0/SI1136.WAV.wav,TRAIN/DR5/FBMH0/SI1136.PHN,58,99035,98977
2593,TRAIN/DR5/FBMH0/SI1766.WAV.wav,TRAIN/DR5/FBMH0/SI1766.PHN,35,99070,99035
2594,TRAIN/DR5/FBMH0/SI970.WAV.wav,TRAIN/DR5/FBMH0/SI970.PHN,60,99130,99070
2595,TRAIN/DR5/FBMH0/SX146.WAV.wav,TRAIN/DR5/FBMH0/SX146.PHN,34,99164,99130
2596,TRAIN/DR5/FBMH0/SX236.WAV.wav,TRAIN/DR5/FBMH0/SX236.PHN,33,99197,99164
2597,TRAIN/DR5/FBMH0/SX326.WAV.wav,TRAIN/DR5/FBMH0/SX326.PHN,29,99226,99197
2598,TRAIN/DR5/FBMH0/SX416.WAV.wav,TRAIN/DR5/FBMH0/SX416.PHN,28,99254,99226
2599,TRAIN/DR5/FBMH0/SX56.WAV.wav,TRAIN/DR5/FBMH0/SX56.PHN,42,99296,99254
2600,TRAIN/DR5/FCDR1/SA1.WAV.wav,TRAIN/DR5/FCDR1/SA1.PHN,40,99336,99296
2601,TRAIN/DR5/FCDR1/SA2.WAV.wav,TRAIN/DR5/FCDR1/SA2.PHN,38,99374,99336
2602,TRAIN/DR5/FCDR1/SI1186.WAV.wav,TRAIN/DR5/FCDR1/SI1186.PHN,58,99432,99374
2603,TRAIN/DR5/FCDR1/SI1816.WAV.wav,TRAIN/DR5/FCDR1/SI1816.PHN,33,99465,99432
2604,TRAIN/DR5/FCDR1/SI556.WAV.wav,TRAIN/DR5/FCDR1/SI556.PHN,61,99526,99465
2605,TRAIN/DR5/FCDR1/SX106.WAV.wav,TRAIN/DR5/FCDR1/SX106.PHN,31,99557,99526
2606,TRAIN/DR5/FCDR1/SX16.WAV.wav,TRAIN/DR5/FCDR1/SX16.PHN,22,99579,99557
2607,TRAIN/DR5/FCDR1/SX196.WAV.wav,TRAIN/DR5/FCDR1/SX196.PHN,21,99600,99579
2608,TRAIN/DR5/FCDR1/SX286.WAV.wav,TRAIN/DR5/FCDR1/SX286.PHN,49,99649,99600
2609,TRAIN/DR5/FCDR1/SX376.WAV.wav,TRAIN/DR5/FCDR1/SX376.PHN,44,99693,99649
2610,TRAIN/DR5/FDMY0/SA1.WAV.wav,TRAIN/DR5/FDMY0/SA1.PHN,43,99736,99693
2611,TRAIN/DR5/FDMY0/SA2.WAV.wav,TRAIN/DR5/FDMY0/SA2.PHN,40,99776,99736
2612,TRAIN/DR5/FDMY0/SI1197.WAV.wav,TRAIN/DR5/FDMY0/SI1197.PHN,47,99823,99776
2613,TRAIN/DR5/FDMY0/SI567.WAV.wav,TRAIN/DR5/FDMY0/SI567.PHN,65,99888,99823
2614,TRAIN/DR5/FDMY0/SI714.WAV.wav,TRAIN/DR5/FDMY0/SI714.PHN,70,99958,99888
2615,TRAIN/DR5/FDMY0/SX117.WAV.wav,TRAIN/DR5/FDMY0/SX117.PHN,35,99993,99958
2616,TRAIN/DR5/FDMY0/SX207.WAV.wav,TRAIN/DR5/FDMY0/SX207.PHN,24,100017,99993
2617,TRAIN/DR5/FDMY0/SX27.WAV.wav,TRAIN/DR5/FDMY0/SX27.PHN,29,100046,100017
2618,TRAIN/DR5/FDMY0/SX297.WAV.wav,TRAIN/DR5/FDMY0/SX297.PHN,34,100080,100046
2619,TRAIN/DR5/FDMY0/SX387.WAV.wav,TRAIN/DR5/FDMY0/SX387.PHN,46,100126,100080
2620,TRAIN/DR5/FDTD0/SA1.WAV.wav,TRAIN/DR5/FDTD0/SA1.PHN,41,100167,100126
2621,TRAIN/DR5/FDTD0/SA2.WAV.wav,TRAIN/DR5/FDTD0/SA2.PHN,34,100201,100167
2622,TRAIN/DR5/FDTD0/SI1561.WAV.wav,TRAIN/DR5/FDTD0/SI1561.PHN,36,100237,100201
2623,TRAIN/DR5/FDTD0/SI2191.WAV.wav,TRAIN/DR5/FDTD0/SI2191.PHN,36,100273,100237
2624,TRAIN/DR5/FDTD0/SI931.WAV.wav,TRAIN/DR5/FDTD0/SI931.PHN,39,100312,100273
2625,TRAIN/DR5/FDTD0/SX121.WAV.wav,TRAIN/DR5/FDTD0/SX121.PHN,40,100352,100312
2626,TRAIN/DR5/FDTD0/SX211.WAV.wav,TRAIN/DR5/FDTD0/SX211.PHN,39,100391,100352
2627,TRAIN/DR5/FDTD0/SX301.WAV.wav,TRAIN/DR5/FDTD0/SX301.PHN,37,100428,100391
2628,TRAIN/DR5/FDTD0/SX321.WAV.wav,TRAIN/DR5/FDTD0/SX321.PHN,51,100479,100428
2629,TRAIN/DR5/FDTD0/SX391.WAV.wav,TRAIN/DR5/FDTD0/SX391.PHN,21,100500,100479
2630,TRAIN/DR5/FEAR0/SA1.WAV.wav,TRAIN/DR5/FEAR0/SA1.PHN,43,100543,100500
2631,TRAIN/DR5/FEAR0/SA2.WAV.wav,TRAIN/DR5/FEAR0/SA2.PHN,33,100576,100543
2632,TRAIN/DR5/FEAR0/SI1252.WAV.wav,TRAIN/DR5/FEAR0/SI1252.PHN,36,100612,100576
2633,TRAIN/DR5/FEAR0/SI1882.WAV.wav,TRAIN/DR5/FEAR0/SI1882.PHN,25,100637,100612
2634,TRAIN/DR5/FEAR0/SI622.WAV.wav,TRAIN/DR5/FEAR0/SI622.PHN,39,100676,100637
2635,TRAIN/DR5/FEAR0/SX172.WAV.wav,TRAIN/DR5/FEAR0/SX172.PHN,41,100717,100676
2636,TRAIN/DR5/FEAR0/SX262.WAV.wav,TRAIN/DR5/FEAR0/SX262.PHN,33,100750,100717
2637,TRAIN/DR5/FEAR0/SX352.WAV.wav,TRAIN/DR5/FEAR0/SX352.PHN,68,100818,100750
2638,TRAIN/DR5/FEAR0/SX442.WAV.wav,TRAIN/DR5/FEAR0/SX442.PHN,42,100860,100818
2639,TRAIN/DR5/FEAR0/SX82.WAV.wav,TRAIN/DR5/FEAR0/SX82.PHN,33,100893,100860
2640,TRAIN/DR5/FEXM0/SA1.WAV.wav,TRAIN/DR5/FEXM0/SA1.PHN,40,100933,100893
2641,TRAIN/DR5/FEXM0/SA2.WAV.wav,TRAIN/DR5/FEXM0/SA2.PHN,30,100963,100933
2642,TRAIN/DR5/FEXM0/SI1101.WAV.wav,TRAIN/DR5/FEXM0/SI1101.PHN,29,100992,100963
2643,TRAIN/DR5/FEXM0/SI1731.WAV.wav,TRAIN/DR5/FEXM0/SI1731.PHN,35,101027,100992
2644,TRAIN/DR5/FEXM0/SI482.WAV.wav,TRAIN/DR5/FEXM0/SI482.PHN,59,101086,101027
2645,TRAIN/DR5/FEXM0/SX111.WAV.wav,TRAIN/DR5/FEXM0/SX111.PHN,30,101116,101086
2646,TRAIN/DR5/FEXM0/SX201.WAV.wav,TRAIN/DR5/FEXM0/SX201.PHN,42,101158,101116
2647,TRAIN/DR5/FEXM0/SX291.WAV.wav,TRAIN/DR5/FEXM0/SX291.PHN,36,101194,101158
2648,TRAIN/DR5/FEXM0/SX366.WAV.wav,TRAIN/DR5/FEXM0/SX366.PHN,53,101247,101194
2649,TRAIN/DR5/FEXM0/SX381.WAV.wav,TRAIN/DR5/FEXM0/SX381.PHN,32,101279,101247
2650,TRAIN/DR5/FGDP0/SA1.WAV.wav,TRAIN/DR5/FGDP0/SA1.PHN,39,101318,101279
2651,TRAIN/DR5/FGDP0/SA2.WAV.wav,TRAIN/DR5/FGDP0/SA2.PHN,37,101355,101318
2652,TRAIN/DR5/FGDP0/SI1618.WAV.wav,TRAIN/DR5/FGDP0/SI1618.PHN,17,101372,101355
2653,TRAIN/DR5/FGDP0/SI2248.WAV.wav,TRAIN/DR5/FGDP0/SI2248.PHN,35,101407,101372
2654,TRAIN/DR5/FGDP0/SI988.WAV.wav,TRAIN/DR5/FGDP0/SI988.PHN,53,101460,101407
2655,TRAIN/DR5/FGDP0/SX178.WAV.wav,TRAIN/DR5/FGDP0/SX178.PHN,51,101511,101460
2656,TRAIN/DR5/FGDP0/SX268.WAV.wav,TRAIN/DR5/FGDP0/SX268.PHN,46,101557,101511
2657,TRAIN/DR5/FGDP0/SX358.WAV.wav,TRAIN/DR5/FGDP0/SX358.PHN,32,101589,101557
2658,TRAIN/DR5/FGDP0/SX448.WAV.wav,TRAIN/DR5/FGDP0/SX448.PHN,34,101623,101589
2659,TRAIN/DR5/FGDP0/SX88.WAV.wav,TRAIN/DR5/FGDP0/SX88.PHN,51,101674,101623
2660,TRAIN/DR5/FGMB0/SA1.WAV.wav,TRAIN/DR5/FGMB0/SA1.PHN,42,101716,101674
2661,TRAIN/DR5/FGMB0/SA2.WAV.wav,TRAIN/DR5/FGMB0/SA2.PHN,35,101751,101716
2662,TRAIN/DR5/FGMB0/SI1145.WAV.wav,TRAIN/DR5/FGMB0/SI1145.PHN,58,101809,101751
2663,TRAIN/DR5/FGMB0/SI1775.WAV.wav,TRAIN/DR5/FGMB0/SI1775.PHN,34,101843,101809
2664,TRAIN/DR5/FGMB0/SI515.WAV.wav,TRAIN/DR5/FGMB0/SI515.PHN,31,101874,101843
2665,TRAIN/DR5/FGMB0/SX155.WAV.wav,TRAIN/DR5/FGMB0/SX155.PHN,44,101918,101874
2666,TRAIN/DR5/FGMB0/SX245.WAV.wav,TRAIN/DR5/FGMB0/SX245.PHN,29,101947,101918
2667,TRAIN/DR5/FGMB0/SX335.WAV.wav,TRAIN/DR5/FGMB0/SX335.PHN,53,102000,101947
2668,TRAIN/DR5/FGMB0/SX425.WAV.wav,TRAIN/DR5/FGMB0/SX425.PHN,27,102027,102000
2669,TRAIN/DR5/FGMB0/SX65.WAV.wav,TRAIN/DR5/FGMB0/SX65.PHN,34,102061,102027
2670,TRAIN/DR5/FJXM0/SA1.WAV.wav,TRAIN/DR5/FJXM0/SA1.PHN,39,102100,102061
2671,TRAIN/DR5/FJXM0/SA2.WAV.wav,TRAIN/DR5/FJXM0/SA2.PHN,35,102135,102100
2672,TRAIN/DR5/FJXM0/SI1211.WAV.wav,TRAIN/DR5/FJXM0/SI1211.PHN,35,102170,102135
2673,TRAIN/DR5/FJXM0/SI1971.WAV.wav,TRAIN/DR5/FJXM0/SI1971.PHN,17,102187,102170
2674,TRAIN/DR5/FJXM0/SI581.WAV.wav,TRAIN/DR5/FJXM0/SI581.PHN,32,102219,102187
2675,TRAIN/DR5/FJXM0/SX131.WAV.wav,TRAIN/DR5/FJXM0/SX131.PHN,35,102254,102219
2676,TRAIN/DR5/FJXM0/SX221.WAV.wav,TRAIN/DR5/FJXM0/SX221.PHN,46,102300,102254
2677,TRAIN/DR5/FJXM0/SX311.WAV.wav,TRAIN/DR5/FJXM0/SX311.PHN,57,102357,102300
2678,TRAIN/DR5/FJXM0/SX401.WAV.wav,TRAIN/DR5/FJXM0/SX401.PHN,41,102398,102357
2679,TRAIN/DR5/FJXM0/SX41.WAV.wav,TRAIN/DR5/FJXM0/SX41.PHN,56,102454,102398
2680,TRAIN/DR5/FKKH0/SA1.WAV.wav,TRAIN/DR5/FKKH0/SA1.PHN,43,102497,102454
2681,TRAIN/DR5/FKKH0/SA2.WAV.wav,TRAIN/DR5/FKKH0/SA2.PHN,36,102533,102497
2682,TRAIN/DR5/FKKH0/SI1290.WAV.wav,TRAIN/DR5/FKKH0/SI1290.PHN,61,102594,102533
2683,TRAIN/DR5/FKKH0/SI1920.WAV.wav,TRAIN/DR5/FKKH0/SI1920.PHN,58,102652,102594
2684,TRAIN/DR5/FKKH0/SI660.WAV.wav,TRAIN/DR5/FKKH0/SI660.PHN,39,102691,102652
2685,TRAIN/DR5/FKKH0/SX120.WAV.wav,TRAIN/DR5/FKKH0/SX120.PHN,36,102727,102691
2686,TRAIN/DR5/FKKH0/SX210.WAV.wav,TRAIN/DR5/FKKH0/SX210.PHN,25,102752,102727
2687,TRAIN/DR5/FKKH0/SX30.WAV.wav,TRAIN/DR5/FKKH0/SX30.PHN,25,102777,102752
2688,TRAIN/DR5/FKKH0/SX300.WAV.wav,TRAIN/DR5/FKKH0/SX300.PHN,28,102805,102777
2689,TRAIN/DR5/FKKH0/SX390.WAV.wav,TRAIN/DR5/FKKH0/SX390.PHN,37,102842,102805
2690,TRAIN/DR5/FLJA0/SA1.WAV.wav,TRAIN/DR5/FLJA0/SA1.PHN,41,102883,102842
2691,TRAIN/DR5/FLJA0/SA2.WAV.wav,TRAIN/DR5/FLJA0/SA2.PHN,36,102919,102883
2692,TRAIN/DR5/FLJA0/SI1078.WAV.wav,TRAIN/DR5/FLJA0/SI1078.PHN,59,102978,102919
2693,TRAIN/DR5/FLJA0/SI1708.WAV.wav,TRAIN/DR5/FLJA0/SI1708.PHN,15,102993,102978
2694,TRAIN/DR5/FLJA0/SI2338.WAV.wav,TRAIN/DR5/FLJA0/SI2338.PHN,21,103014,102993
2695,TRAIN/DR5/FLJA0/SX178.WAV.wav,TRAIN/DR5/FLJA0/SX178.PHN,51,103065,103014
2696,TRAIN/DR5/FLJA0/SX268.WAV.wav,TRAIN/DR5/FLJA0/SX268.PHN,46,103111,103065
2697,TRAIN/DR5/FLJA0/SX358.WAV.wav,TRAIN/DR5/FLJA0/SX358.PHN,30,103141,103111
2698,TRAIN/DR5/FLJA0/SX448.WAV.wav,TRAIN/DR5/FLJA0/SX448.PHN,31,103172,103141
2699,TRAIN/DR5/FLJA0/SX88.WAV.wav,TRAIN/DR5/FLJA0/SX88.PHN,51,103223,103172
2700,TRAIN/DR5/FLJG0/SA1.WAV.wav,TRAIN/DR5/FLJG0/SA1.PHN,39,103262,103223
2701,TRAIN/DR5/FLJG0/SA2.WAV.wav,TRAIN/DR5/FLJG0/SA2.PHN,37,103299,103262
2702,TRAIN/DR5/FLJG0/SI1611.WAV.wav,TRAIN/DR5/FLJG0/SI1611.PHN,37,103336,103299
2703,TRAIN/DR5/FLJG0/SI2241.WAV.wav,TRAIN/DR5/FLJG0/SI2241.PHN,25,103361,103336
2704,TRAIN/DR5/FLJG0/SI981.WAV.wav,TRAIN/DR5/FLJG0/SI981.PHN,59,103420,103361
2705,TRAIN/DR5/FLJG0/SX171.WAV.wav,TRAIN/DR5/FLJG0/SX171.PHN,54,103474,103420
2706,TRAIN/DR5/FLJG0/SX261.WAV.wav,TRAIN/DR5/FLJG0/SX261.PHN,26,103500,103474
2707,TRAIN/DR5/FLJG0/SX351.WAV.wav,TRAIN/DR5/FLJG0/SX351.PHN,54,103554,103500
2708,TRAIN/DR5/FLJG0/SX441.WAV.wav,TRAIN/DR5/FLJG0/SX441.PHN,39,103593,103554
2709,TRAIN/DR5/FLJG0/SX81.WAV.wav,TRAIN/DR5/FLJG0/SX81.PHN,38,103631,103593
2710,TRAIN/DR5/FLMK0/SA1.WAV.wav,TRAIN/DR5/FLMK0/SA1.PHN,40,103671,103631
2711,TRAIN/DR5/FLMK0/SA2.WAV.wav,TRAIN/DR5/FLMK0/SA2.PHN,35,103706,103671
2712,TRAIN/DR5/FLMK0/SI1035.WAV.wav,TRAIN/DR5/FLMK0/SI1035.PHN,37,103743,103706
2713,TRAIN/DR5/FLMK0/SI1229.WAV.wav,TRAIN/DR5/FLMK0/SI1229.PHN,61,103804,103743
2714,TRAIN/DR5/FLMK0/SI2295.WAV.wav,TRAIN/DR5/FLMK0/SI2295.PHN,31,103835,103804
2715,TRAIN/DR5/FLMK0/SX135.WAV.wav,TRAIN/DR5/FLMK0/SX135.PHN,44,103879,103835
2716,TRAIN/DR5/FLMK0/SX225.WAV.wav,TRAIN/DR5/FLMK0/SX225.PHN,30,103909,103879
2717,TRAIN/DR5/FLMK0/SX315.WAV.wav,TRAIN/DR5/FLMK0/SX315.PHN,30,103939,103909
2718,TRAIN/DR5/FLMK0/SX405.WAV.wav,TRAIN/DR5/FLMK0/SX405.PHN,38,103977,103939
2719,TRAIN/DR5/FLMK0/SX45.WAV.wav,TRAIN/DR5/FLMK0/SX45.PHN,33,104010,103977
2720,TRAIN/DR5/FLOD0/SA1.WAV.wav,TRAIN/DR5/FLOD0/SA1.PHN,41,104051,104010
2721,TRAIN/DR5/FLOD0/SA2.WAV.wav,TRAIN/DR5/FLOD0/SA2.PHN,33,104084,104051
2722,TRAIN/DR5/FLOD0/SI1287.WAV.wav,TRAIN/DR5/FLOD0/SI1287.PHN,58,104142,104084
2723,TRAIN/DR5/FLOD0/SI1917.WAV.wav,TRAIN/DR5/FLOD0/SI1917.PHN,36,104178,104142
2724,TRAIN/DR5/FLOD0/SI657.WAV.wav,TRAIN/DR5/FLOD0/SI657.PHN,44,104222,104178
2725,TRAIN/DR5/FLOD0/SX117.WAV.wav,TRAIN/DR5/FLOD0/SX117.PHN,31,104253,104222
2726,TRAIN/DR5/FLOD0/SX171.WAV.wav,TRAIN/DR5/FLOD0/SX171.PHN,54,104307,104253
2727,TRAIN/DR5/FLOD0/SX207.WAV.wav,TRAIN/DR5/FLOD0/SX207.PHN,24,104331,104307
2728,TRAIN/DR5/FLOD0/SX297.WAV.wav,TRAIN/DR5/FLOD0/SX297.PHN,31,104362,104331
2729,TRAIN/DR5/FLOD0/SX387.WAV.wav,TRAIN/DR5/FLOD0/SX387.PHN,36,104398,104362
2730,TRAIN/DR5/FMPG0/SA1.WAV.wav,TRAIN/DR5/FMPG0/SA1.PHN,44,104442,104398
2731,TRAIN/DR5/FMPG0/SA2.WAV.wav,TRAIN/DR5/FMPG0/SA2.PHN,34,104476,104442
2732,TRAIN/DR5/FMPG0/SI1602.WAV.wav,TRAIN/DR5/FMPG0/SI1602.PHN,37,104513,104476
2733,TRAIN/DR5/FMPG0/SI2232.WAV.wav,TRAIN/DR5/FMPG0/SI2232.PHN,38,104551,104513
2734,TRAIN/DR5/FMPG0/SI972.WAV.wav,TRAIN/DR5/FMPG0/SI972.PHN,49,104600,104551
2735,TRAIN/DR5/FMPG0/SX162.WAV.wav,TRAIN/DR5/FMPG0/SX162.PHN,38,104638,104600
2736,TRAIN/DR5/FMPG0/SX252.WAV.wav,TRAIN/DR5/FMPG0/SX252.PHN,36,104674,104638
2737,TRAIN/DR5/FMPG0/SX342.WAV.wav,TRAIN/DR5/FMPG0/SX342.PHN,38,104712,104674
2738,TRAIN/DR5/FMPG0/SX432.WAV.wav,TRAIN/DR5/FMPG0/SX432.PHN,51,104763,104712
2739,TRAIN/DR5/FMPG0/SX72.WAV.wav,TRAIN/DR5/FMPG0/SX72.PHN,26,104789,104763
2740,TRAIN/DR5/FPMY0/SA1.WAV.wav,TRAIN/DR5/FPMY0/SA1.PHN,40,104829,104789
2741,TRAIN/DR5/FPMY0/SA2.WAV.wav,TRAIN/DR5/FPMY0/SA2.PHN,36,104865,104829
2742,TRAIN/DR5/FPMY0/SI1153.WAV.wav,TRAIN/DR5/FPMY0/SI1153.PHN,67,104932,104865
2743,TRAIN/DR5/FPMY0/SI1783.WAV.wav,TRAIN/DR5/FPMY0/SI1783.PHN,20,104952,104932
2744,TRAIN/DR5/FPMY0/SI523.WAV.wav,TRAIN/DR5/FPMY0/SI523.PHN,63,105015,104952
2745,TRAIN/DR5/FPMY0/SX163.WAV.wav,TRAIN/DR5/FPMY0/SX163.PHN,34,105049,105015
2746,TRAIN/DR5/FPMY0/SX196.WAV.wav,TRAIN/DR5/FPMY0/SX196.PHN,21,105070,105049
2747,TRAIN/DR5/FPMY0/SX253.WAV.wav,TRAIN/DR5/FPMY0/SX253.PHN,29,105099,105070
2748,TRAIN/DR5/FPMY0/SX343.WAV.wav,TRAIN/DR5/FPMY0/SX343.PHN,43,105142,105099
2749,TRAIN/DR5/FPMY0/SX73.WAV.wav,TRAIN/DR5/FPMY0/SX73.PHN,37,105179,105142
2750,TRAIN/DR5/FSAG0/SA1.WAV.wav,TRAIN/DR5/FSAG0/SA1.PHN,42,105221,105179
2751,TRAIN/DR5/FSAG0/SA2.WAV.wav,TRAIN/DR5/FSAG0/SA2.PHN,37,105258,105221
2752,TRAIN/DR5/FSAG0/SI1323.WAV.wav,TRAIN/DR5/FSAG0/SI1323.PHN,48,105306,105258
2753,TRAIN/DR5/FSAG0/SI1953.WAV.wav,TRAIN/DR5/FSAG0/SI1953.PHN,15,105321,105306
2754,TRAIN/DR5/FSAG0/SI693.WAV.wav,TRAIN/DR5/FSAG0/SI693.PHN,30,105351,105321
2755,TRAIN/DR5/FSAG0/SX153.WAV.wav,TRAIN/DR5/FSAG0/SX153.PHN,53,105404,105351
2756,TRAIN/DR5/FSAG0/SX243.WAV.wav,TRAIN/DR5/FSAG0/SX243.PHN,44,105448,105404
2757,TRAIN/DR5/FSAG0/SX333.WAV.wav,TRAIN/DR5/FSAG0/SX333.PHN,56,105504,105448
2758,TRAIN/DR5/FSAG0/SX423.WAV.wav,TRAIN/DR5/FSAG0/SX423.PHN,49,105553,105504
2759,TRAIN/DR5/FSAG0/SX63.WAV.wav,TRAIN/DR5/FSAG0/SX63.PHN,43,105596,105553
2760,TRAIN/DR5/FSDC0/SA1.WAV.wav,TRAIN/DR5/FSDC0/SA1.PHN,40,105636,105596
2761,TRAIN/DR5/FSDC0/SA2.WAV.wav,TRAIN/DR5/FSDC0/SA2.PHN,31,105667,105636
2762,TRAIN/DR5/FSDC0/SI1312.WAV.wav,TRAIN/DR5/FSDC0/SI1312.PHN,56,105723,105667
2763,TRAIN/DR5/FSDC0/SI1942.WAV.wav,TRAIN/DR5/FSDC0/SI1942.PHN,35,105758,105723
2764,TRAIN/DR5/FSDC0/SI2234.WAV.wav,TRAIN/DR5/FSDC0/SI2234.PHN,19,105777,105758
2765,TRAIN/DR5/FSDC0/SX142.WAV.wav,TRAIN/DR5/FSDC0/SX142.PHN,43,105820,105777
2766,TRAIN/DR5/FSDC0/SX232.WAV.wav,TRAIN/DR5/FSDC0/SX232.PHN,44,105864,105820
2767,TRAIN/DR5/FSDC0/SX322.WAV.wav,TRAIN/DR5/FSDC0/SX322.PHN,35,105899,105864
2768,TRAIN/DR5/FSDC0/SX412.WAV.wav,TRAIN/DR5/FSDC0/SX412.PHN,42,105941,105899
2769,TRAIN/DR5/FSDC0/SX52.WAV.wav,TRAIN/DR5/FSDC0/SX52.PHN,46,105987,105941
2770,TRAIN/DR5/FSJG0/SA1.WAV.wav,TRAIN/DR5/FSJG0/SA1.PHN,43,106030,105987
2771,TRAIN/DR5/FSJG0/SA2.WAV.wav,TRAIN/DR5/FSJG0/SA2.PHN,40,106070,106030
2772,TRAIN/DR5/FSJG0/SI1570.WAV.wav,TRAIN/DR5/FSJG0/SI1570.PHN,28,106098,106070
2773,TRAIN/DR5/FSJG0/SI2200.WAV.wav,TRAIN/DR5/FSJG0/SI2200.PHN,33,106131,106098
2774,TRAIN/DR5/FSJG0/SI940.WAV.wav,TRAIN/DR5/FSJG0/SI940.PHN,55,106186,106131
2775,TRAIN/DR5/FSJG0/SX130.WAV.wav,TRAIN/DR5/FSJG0/SX130.PHN,35,106221,106186
2776,TRAIN/DR5/FSJG0/SX220.WAV.wav,TRAIN/DR5/FSJG0/SX220.PHN,52,106273,106221
2777,TRAIN/DR5/FSJG0/SX310.WAV.wav,TRAIN/DR5/FSJG0/SX310.PHN,38,106311,106273
2778,TRAIN/DR5/FSJG0/SX40.WAV.wav,TRAIN/DR5/FSJG0/SX40.PHN,48,106359,106311
2779,TRAIN/DR5/FSJG0/SX400.WAV.wav,TRAIN/DR5/FSJG0/SX400.PHN,37,106396,106359
2780,TRAIN/DR5/FSKP0/SA1.WAV.wav,TRAIN/DR5/FSKP0/SA1.PHN,38,106434,106396
2781,TRAIN/DR5/FSKP0/SA2.WAV.wav,TRAIN/DR5/FSKP0/SA2.PHN,32,106466,106434
2782,TRAIN/DR5/FSKP0/SI1098.WAV.wav,TRAIN/DR5/FSKP0/SI1098.PHN,57,106523,106466
2783,TRAIN/DR5/FSKP0/SI1728.WAV.wav,TRAIN/DR5/FSKP0/SI1728.PHN,36,106559,106523
2784,TRAIN/DR5/FSKP0/SI468.WAV.wav,TRAIN/DR5/FSKP0/SI468.PHN,37,106596,106559
2785,TRAIN/DR5/FSKP0/SX108.WAV.wav,TRAIN/DR5/FSKP0/SX108.PHN,36,106632,106596
2786,TRAIN/DR5/FSKP0/SX18.WAV.wav,TRAIN/DR5/FSKP0/SX18.PHN,31,106663,106632
2787,TRAIN/DR5/FSKP0/SX198.WAV.wav,TRAIN/DR5/FSKP0/SX198.PHN,30,106693,106663
2788,TRAIN/DR5/FSKP0/SX288.WAV.wav,TRAIN/DR5/FSKP0/SX288.PHN,42,106735,106693
2789,TRAIN/DR5/FSKP0/SX378.WAV.wav,TRAIN/DR5/FSKP0/SX378.PHN,37,106772,106735
2790,TRAIN/DR5/FSMM0/SA1.WAV.wav,TRAIN/DR5/FSMM0/SA1.PHN,42,106814,106772
2791,TRAIN/DR5/FSMM0/SA2.WAV.wav,TRAIN/DR5/FSMM0/SA2.PHN,33,106847,106814
2792,TRAIN/DR5/FSMM0/SI1314.WAV.wav,TRAIN/DR5/FSMM0/SI1314.PHN,36,106883,106847
2793,TRAIN/DR5/FSMM0/SI1944.WAV.wav,TRAIN/DR5/FSMM0/SI1944.PHN,36,106919,106883
2794,TRAIN/DR5/FSMM0/SI684.WAV.wav,TRAIN/DR5/FSMM0/SI684.PHN,35,106954,106919
2795,TRAIN/DR5/FSMM0/SX144.WAV.wav,TRAIN/DR5/FSMM0/SX144.PHN,31,106985,106954
2796,TRAIN/DR5/FSMM0/SX234.WAV.wav,TRAIN/DR5/FSMM0/SX234.PHN,32,107017,106985
2797,TRAIN/DR5/FSMM0/SX324.WAV.wav,TRAIN/DR5/FSMM0/SX324.PHN,66,107083,107017
2798,TRAIN/DR5/FSMM0/SX414.WAV.wav,TRAIN/DR5/FSMM0/SX414.PHN,42,107125,107083
2799,TRAIN/DR5/FSMM0/SX54.WAV.wav,TRAIN/DR5/FSMM0/SX54.PHN,48,107173,107125
2800,TRAIN/DR5/FSMS1/SA1.WAV.wav,TRAIN/DR5/FSMS1/SA1.PHN,39,107212,107173
2801,TRAIN/DR5/FSMS1/SA2.WAV.wav,TRAIN/DR5/FSMS1/SA2.PHN,35,107247,107212
2802,TRAIN/DR5/FSMS1/SI1504.WAV.wav,TRAIN/DR5/FSMS1/SI1504.PHN,31,107278,107247
2803,TRAIN/DR5/FSMS1/SI2134.WAV.wav,TRAIN/DR5/FSMS1/SI2134.PHN,32,107310,107278
2804,TRAIN/DR5/FSMS1/SI874.WAV.wav,TRAIN/DR5/FSMS1/SI874.PHN,38,107348,107310
2805,TRAIN/DR5/FSMS1/SX154.WAV.wav,TRAIN/DR5/FSMS1/SX154.PHN,33,107381,107348
2806,TRAIN/DR5/FSMS1/SX244.WAV.wav,TRAIN/DR5/FSMS1/SX244.PHN,43,107424,107381
2807,TRAIN/DR5/FSMS1/SX334.WAV.wav,TRAIN/DR5/FSMS1/SX334.PHN,33,107457,107424
2808,TRAIN/DR5/FSMS1/SX347.WAV.wav,TRAIN/DR5/FSMS1/SX347.PHN,56,107513,107457
2809,TRAIN/DR5/FSMS1/SX64.WAV.wav,TRAIN/DR5/FSMS1/SX64.PHN,39,107552,107513
2810,TRAIN/DR5/FTBW0/SA1.WAV.wav,TRAIN/DR5/FTBW0/SA1.PHN,38,107590,107552
2811,TRAIN/DR5/FTBW0/SA2.WAV.wav,TRAIN/DR5/FTBW0/SA2.PHN,33,107623,107590
2812,TRAIN/DR5/FTBW0/SI1345.WAV.wav,TRAIN/DR5/FTBW0/SI1345.PHN,26,107649,107623
2813,TRAIN/DR5/FTBW0/SI1975.WAV.wav,TRAIN/DR5/FTBW0/SI1975.PHN,33,107682,107649
2814,TRAIN/DR5/FTBW0/SI715.WAV.wav,TRAIN/DR5/FTBW0/SI715.PHN,61,107743,107682
2815,TRAIN/DR5/FTBW0/SX175.WAV.wav,TRAIN/DR5/FTBW0/SX175.PHN,54,107797,107743
2816,TRAIN/DR5/FTBW0/SX265.WAV.wav,TRAIN/DR5/FTBW0/SX265.PHN,35,107832,107797
2817,TRAIN/DR5/FTBW0/SX355.WAV.wav,TRAIN/DR5/FTBW0/SX355.PHN,32,107864,107832
2818,TRAIN/DR5/FTBW0/SX445.WAV.wav,TRAIN/DR5/FTBW0/SX445.PHN,34,107898,107864
2819,TRAIN/DR5/FTBW0/SX85.WAV.wav,TRAIN/DR5/FTBW0/SX85.PHN,34,107932,107898
2820,TRAIN/DR5/FTLG0/SA1.WAV.wav,TRAIN/DR5/FTLG0/SA1.PHN,41,107973,107932
2821,TRAIN/DR5/FTLG0/SA2.WAV.wav,TRAIN/DR5/FTLG0/SA2.PHN,34,108007,107973
2822,TRAIN/DR5/FTLG0/SI1743.WAV.wav,TRAIN/DR5/FTLG0/SI1743.PHN,56,108063,108007
2823,TRAIN/DR5/FTLG0/SI483.WAV.wav,TRAIN/DR5/FTLG0/SI483.PHN,62,108125,108063
2824,TRAIN/DR5/FTLG0/SI840.WAV.wav,TRAIN/DR5/FTLG0/SI840.PHN,42,108167,108125
2825,TRAIN/DR5/FTLG0/SX123.WAV.wav,TRAIN/DR5/FTLG0/SX123.PHN,40,108207,108167
2826,TRAIN/DR5/FTLG0/SX213.WAV.wav,TRAIN/DR5/FTLG0/SX213.PHN,32,108239,108207
2827,TRAIN/DR5/FTLG0/SX303.WAV.wav,TRAIN/DR5/FTLG0/SX303.PHN,28,108267,108239
2828,TRAIN/DR5/FTLG0/SX33.WAV.wav,TRAIN/DR5/FTLG0/SX33.PHN,32,108299,108267
2829,TRAIN/DR5/FTLG0/SX393.WAV.wav,TRAIN/DR5/FTLG0/SX393.PHN,34,108333,108299
2830,TRAIN/DR5/MBGT0/SA1.WAV.wav,TRAIN/DR5/MBGT0/SA1.PHN,41,108374,108333
2831,TRAIN/DR5/MBGT0/SA2.WAV.wav,TRAIN/DR5/MBGT0/SA2.PHN,32,108406,108374
2832,TRAIN/DR5/MBGT0/SI1341.WAV.wav,TRAIN/DR5/MBGT0/SI1341.PHN,25,108431,108406
2833,TRAIN/DR5/MBGT0/SI1841.WAV.wav,TRAIN/DR5/MBGT0/SI1841.PHN,55,108486,108431
2834,TRAIN/DR5/MBGT0/SI711.WAV.wav,TRAIN/DR5/MBGT0/SI711.PHN,42,108528,108486
2835,TRAIN/DR5/MBGT0/SX171.WAV.wav,TRAIN/DR5/MBGT0/SX171.PHN,54,108582,108528
2836,TRAIN/DR5/MBGT0/SX261.WAV.wav,TRAIN/DR5/MBGT0/SX261.PHN,26,108608,108582
2837,TRAIN/DR5/MBGT0/SX351.WAV.wav,TRAIN/DR5/MBGT0/SX351.PHN,48,108656,108608
2838,TRAIN/DR5/MBGT0/SX441.WAV.wav,TRAIN/DR5/MBGT0/SX441.PHN,38,108694,108656
2839,TRAIN/DR5/MBGT0/SX81.WAV.wav,TRAIN/DR5/MBGT0/SX81.PHN,34,108728,108694
2840,TRAIN/DR5/MCHL0/SA1.WAV.wav,TRAIN/DR5/MCHL0/SA1.PHN,43,108771,108728
2841,TRAIN/DR5/MCHL0/SA2.WAV.wav,TRAIN/DR5/MCHL0/SA2.PHN,32,108803,108771
2842,TRAIN/DR5/MCHL0/SI1347.WAV.wav,TRAIN/DR5/MCHL0/SI1347.PHN,62,108865,108803
2843,TRAIN/DR5/MCHL0/SI1404.WAV.wav,TRAIN/DR5/MCHL0/SI1404.PHN,62,108927,108865
2844,TRAIN/DR5/MCHL0/SI1977.WAV.wav,TRAIN/DR5/MCHL0/SI1977.PHN,25,108952,108927
2845,TRAIN/DR5/MCHL0/SX177.WAV.wav,TRAIN/DR5/MCHL0/SX177.PHN,25,108977,108952
2846,TRAIN/DR5/MCHL0/SX267.WAV.wav,TRAIN/DR5/MCHL0/SX267.PHN,39,109016,108977
2847,TRAIN/DR5/MCHL0/SX357.WAV.wav,TRAIN/DR5/MCHL0/SX357.PHN,39,109055,109016
2848,TRAIN/DR5/MCHL0/SX447.WAV.wav,TRAIN/DR5/MCHL0/SX447.PHN,27,109082,109055
2849,TRAIN/DR5/MCHL0/SX87.WAV.wav,TRAIN/DR5/MCHL0/SX87.PHN,35,109117,109082
2850,TRAIN/DR5/MCLM0/SA1.WAV.wav,TRAIN/DR5/MCLM0/SA1.PHN,41,109158,109117
2851,TRAIN/DR5/MCLM0/SA2.WAV.wav,TRAIN/DR5/MCLM0/SA2.PHN,34,109192,109158
2852,TRAIN/DR5/MCLM0/SI1456.WAV.wav,TRAIN/DR5/MCLM0/SI1456.PHN,47,109239,109192
2853,TRAIN/DR5/MCLM0/SI2086.WAV.wav,TRAIN/DR5/MCLM0/SI2086.PHN,19,109258,109239
2854,TRAIN/DR5/MCLM0/SI826.WAV.wav,TRAIN/DR5/MCLM0/SI826.PHN,57,109315,109258
2855,TRAIN/DR5/MCLM0/SX106.WAV.wav,TRAIN/DR5/MCLM0/SX106.PHN,31,109346,109315
2856,TRAIN/DR5/MCLM0/SX16.WAV.wav,TRAIN/DR5/MCLM0/SX16.PHN,22,109368,109346
2857,TRAIN/DR5/MCLM0/SX196.WAV.wav,TRAIN/DR5/MCLM0/SX196.PHN,25,109393,109368
2858,TRAIN/DR5/MCLM0/SX286.WAV.wav,TRAIN/DR5/MCLM0/SX286.PHN,52,109445,109393
2859,TRAIN/DR5/MCLM0/SX376.WAV.wav,TRAIN/DR5/MCLM0/SX376.PHN,41,109486,109445
2860,TRAIN/DR5/MDAS0/SA1.WAV.wav,TRAIN/DR5/MDAS0/SA1.PHN,42,109528,109486
2861,TRAIN/DR5/MDAS0/SA2.WAV.wav,TRAIN/DR5/MDAS0/SA2.PHN,33,109561,109528
2862,TRAIN/DR5/MDAS0/SI1266.WAV.wav,TRAIN/DR5/MDAS0/SI1266.PHN,32,109593,109561
2863,TRAIN/DR5/MDAS0/SI1896.WAV.wav,TRAIN/DR5/MDAS0/SI1896.PHN,59,109652,109593
2864,TRAIN/DR5/MDAS0/SI636.WAV.wav,TRAIN/DR5/MDAS0/SI636.PHN,59,109711,109652
2865,TRAIN/DR5/MDAS0/SX186.WAV.wav,TRAIN/DR5/MDAS0/SX186.PHN,26,109737,109711
2866,TRAIN/DR5/MDAS0/SX21.WAV.wav,TRAIN/DR5/MDAS0/SX21.PHN,23,109760,109737
2867,TRAIN/DR5/MDAS0/SX276.WAV.wav,TRAIN/DR5/MDAS0/SX276.PHN,31,109791,109760
2868,TRAIN/DR5/MDAS0/SX6.WAV.wav,TRAIN/DR5/MDAS0/SX6.PHN,26,109817,109791
2869,TRAIN/DR5/MDAS0/SX96.WAV.wav,TRAIN/DR5/MDAS0/SX96.PHN,37,109854,109817
2870,TRAIN/DR5/MDHL0/SA1.WAV.wav,TRAIN/DR5/MDHL0/SA1.PHN,42,109896,109854
2871,TRAIN/DR5/MDHL0/SA2.WAV.wav,TRAIN/DR5/MDHL0/SA2.PHN,33,109929,109896
2872,TRAIN/DR5/MDHL0/SI1439.WAV.wav,TRAIN/DR5/MDHL0/SI1439.PHN,45,109974,109929
2873,TRAIN/DR5/MDHL0/SI2069.WAV.wav,TRAIN/DR5/MDHL0/SI2069.PHN,34,110008,109974
2874,TRAIN/DR5/MDHL0/SI809.WAV.wav,TRAIN/DR5/MDHL0/SI809.PHN,39,110047,110008
2875,TRAIN/DR5/MDHL0/SX179.WAV.wav,TRAIN/DR5/MDHL0/SX179.PHN,38,110085,110047
2876,TRAIN/DR5/MDHL0/SX269.WAV.wav,TRAIN/DR5/MDHL0/SX269.PHN,29,110114,110085
2877,TRAIN/DR5/MDHL0/SX359.WAV.wav,TRAIN/DR5/MDHL0/SX359.PHN,46,110160,110114
2878,TRAIN/DR5/MDHL0/SX449.WAV.wav,TRAIN/DR5/MDHL0/SX449.PHN,45,110205,110160
2879,TRAIN/DR5/MDHL0/SX89.WAV.wav,TRAIN/DR5/MDHL0/SX89.PHN,36,110241,110205
2880,TRAIN/DR5/MDSJ0/SA1.WAV.wav,TRAIN/DR5/MDSJ0/SA1.PHN,39,110280,110241
2881,TRAIN/DR5/MDSJ0/SA2.WAV.wav,TRAIN/DR5/MDSJ0/SA2.PHN,34,110314,110280
2882,TRAIN/DR5/MDSJ0/SI1462.WAV.wav,TRAIN/DR5/MDSJ0/SI1462.PHN,62,110376,110314
2883,TRAIN/DR5/MDSJ0/SI2092.WAV.wav,TRAIN/DR5/MDSJ0/SI2092.PHN,29,110405,110376
2884,TRAIN/DR5/MDSJ0/SI832.WAV.wav,TRAIN/DR5/MDSJ0/SI832.PHN,37,110442,110405
2885,TRAIN/DR5/MDSJ0/SX112.WAV.wav,TRAIN/DR5/MDSJ0/SX112.PHN,34,110476,110442
2886,TRAIN/DR5/MDSJ0/SX22.WAV.wav,TRAIN/DR5/MDSJ0/SX22.PHN,23,110499,110476
2887,TRAIN/DR5/MDSJ0/SX292.WAV.wav,TRAIN/DR5/MDSJ0/SX292.PHN,51,110550,110499
2888,TRAIN/DR5/MDSJ0/SX382.WAV.wav,TRAIN/DR5/MDSJ0/SX382.PHN,36,110586,110550
2889,TRAIN/DR5/MDSJ0/SX438.WAV.wav,TRAIN/DR5/MDSJ0/SX438.PHN,50,110636,110586
2890,TRAIN/DR5/MDWH0/SA1.WAV.wav,TRAIN/DR5/MDWH0/SA1.PHN,40,110676,110636
2891,TRAIN/DR5/MDWH0/SA2.WAV.wav,TRAIN/DR5/MDWH0/SA2.PHN,33,110709,110676
2892,TRAIN/DR5/MDWH0/SI1168.WAV.wav,TRAIN/DR5/MDWH0/SI1168.PHN,62,110771,110709
2893,TRAIN/DR5/MDWH0/SI1925.WAV.wav,TRAIN/DR5/MDWH0/SI1925.PHN,20,110791,110771
2894,TRAIN/DR5/MDWH0/SI665.WAV.wav,TRAIN/DR5/MDWH0/SI665.PHN,46,110837,110791
2895,TRAIN/DR5/MDWH0/SX125.WAV.wav,TRAIN/DR5/MDWH0/SX125.PHN,27,110864,110837
2896,TRAIN/DR5/MDWH0/SX215.WAV.wav,TRAIN/DR5/MDWH0/SX215.PHN,38,110902,110864
2897,TRAIN/DR5/MDWH0/SX305.WAV.wav,TRAIN/DR5/MDWH0/SX305.PHN,32,110934,110902
2898,TRAIN/DR5/MDWH0/SX35.WAV.wav,TRAIN/DR5/MDWH0/SX35.PHN,30,110964,110934
2899,TRAIN/DR5/MDWH0/SX395.WAV.wav,TRAIN/DR5/MDWH0/SX395.PHN,39,111003,110964
2900,TRAIN/DR5/MEGJ0/SA1.WAV.wav,TRAIN/DR5/MEGJ0/SA1.PHN,41,111044,111003
2901,TRAIN/DR5/MEGJ0/SA2.WAV.wav,TRAIN/DR5/MEGJ0/SA2.PHN,33,111077,111044
2902,TRAIN/DR5/MEGJ0/SI1337.WAV.wav,TRAIN/DR5/MEGJ0/SI1337.PHN,61,111138,111077
2903,TRAIN/DR5/MEGJ0/SI1967.WAV.wav,TRAIN/DR5/MEGJ0/SI1967.PHN,18,111156,111138
2904,TRAIN/DR5/MEGJ0/SI707.WAV.wav,TRAIN/DR5/MEGJ0/SI707.PHN,52,111208,111156
2905,TRAIN/DR5/MEGJ0/SX167.WAV.wav,TRAIN/DR5/MEGJ0/SX167.PHN,48,111256,111208
2906,TRAIN/DR5/MEGJ0/SX257.WAV.wav,TRAIN/DR5/MEGJ0/SX257.PHN,26,111282,111256
2907,TRAIN/DR5/MEGJ0/SX3.WAV.wav,TRAIN/DR5/MEGJ0/SX3.PHN,16,111298,111282
2908,TRAIN/DR5/MEGJ0/SX437.WAV.wav,TRAIN/DR5/MEGJ0/SX437.PHN,48,111346,111298
2909,TRAIN/DR5/MEGJ0/SX77.WAV.wav,TRAIN/DR5/MEGJ0/SX77.PHN,41,111387,111346
2910,TRAIN/DR5/MEWM0/SA1.WAV.wav,TRAIN/DR5/MEWM0/SA1.PHN,41,111428,111387
2911,TRAIN/DR5/MEWM0/SA2.WAV.wav,TRAIN/DR5/MEWM0/SA2.PHN,37,111465,111428
2912,TRAIN/DR5/MEWM0/SI1348.WAV.wav,TRAIN/DR5/MEWM0/SI1348.PHN,31,111496,111465
2913,TRAIN/DR5/MEWM0/SI1978.WAV.wav,TRAIN/DR5/MEWM0/SI1978.PHN,18,111514,111496
2914,TRAIN/DR5/MEWM0/SI718.WAV.wav,TRAIN/DR5/MEWM0/SI718.PHN,40,111554,111514
2915,TRAIN/DR5/MEWM0/SX178.WAV.wav,TRAIN/DR5/MEWM0/SX178.PHN,45,111599,111554
2916,TRAIN/DR5/MEWM0/SX268.WAV.wav,TRAIN/DR5/MEWM0/SX268.PHN,42,111641,111599
2917,TRAIN/DR5/MEWM0/SX358.WAV.wav,TRAIN/DR5/MEWM0/SX358.PHN,27,111668,111641
2918,TRAIN/DR5/MEWM0/SX448.WAV.wav,TRAIN/DR5/MEWM0/SX448.PHN,30,111698,111668
2919,TRAIN/DR5/MEWM0/SX88.WAV.wav,TRAIN/DR5/MEWM0/SX88.PHN,49,111747,111698
2920,TRAIN/DR5/MFER0/SA1.WAV.wav,TRAIN/DR5/MFER0/SA1.PHN,39,111786,111747
2921,TRAIN/DR5/MFER0/SA2.WAV.wav,TRAIN/DR5/MFER0/SA2.PHN,34,111820,111786
2922,TRAIN/DR5/MFER0/SI1492.WAV.wav,TRAIN/DR5/MFER0/SI1492.PHN,23,111843,111820
2923,TRAIN/DR5/MFER0/SI2122.WAV.wav,TRAIN/DR5/MFER0/SI2122.PHN,17,111860,111843
2924,TRAIN/DR5/MFER0/SI862.WAV.wav,TRAIN/DR5/MFER0/SI862.PHN,61,111921,111860
2925,TRAIN/DR5/MFER0/SX142.WAV.wav,TRAIN/DR5/MFER0/SX142.PHN,46,111967,111921
2926,TRAIN/DR5/MFER0/SX232.WAV.wav,TRAIN/DR5/MFER0/SX232.PHN,46,112013,111967
2927,TRAIN/DR5/MFER0/SX322.WAV.wav,TRAIN/DR5/MFER0/SX322.PHN,34,112047,112013
2928,TRAIN/DR5/MFER0/SX412.WAV.wav,TRAIN/DR5/MFER0/SX412.PHN,40,112087,112047
2929,TRAIN/DR5/MFER0/SX52.WAV.wav,TRAIN/DR5/MFER0/SX52.PHN,41,112128,112087
2930,TRAIN/DR5/MGES0/SA1.WAV.wav,TRAIN/DR5/MGES0/SA1.PHN,38,112166,112128
2931,TRAIN/DR5/MGES0/SA2.WAV.wav,TRAIN/DR5/MGES0/SA2.PHN,33,112199,112166
2932,TRAIN/DR5/MGES0/SI1481.WAV.wav,TRAIN/DR5/MGES0/SI1481.PHN,16,112215,112199
2933,TRAIN/DR5/MGES0/SI2111.WAV.wav,TRAIN/DR5/MGES0/SI2111.PHN,20,112235,112215
2934,TRAIN/DR5/MGES0/SI851.WAV.wav,TRAIN/DR5/MGES0/SI851.PHN,52,112287,112235
2935,TRAIN/DR5/MGES0/SX131.WAV.wav,TRAIN/DR5/MGES0/SX131.PHN,30,112317,112287
2936,TRAIN/DR5/MGES0/SX221.WAV.wav,TRAIN/DR5/MGES0/SX221.PHN,43,112360,112317
2937,TRAIN/DR5/MGES0/SX311.WAV.wav,TRAIN/DR5/MGES0/SX311.PHN,55,112415,112360
2938,TRAIN/DR5/MGES0/SX401.WAV.wav,TRAIN/DR5/MGES0/SX401.PHN,35,112450,112415
2939,TRAIN/DR5/MGES0/SX41.WAV.wav,TRAIN/DR5/MGES0/SX41.PHN,52,112502,112450
2940,TRAIN/DR5/MGSH0/SA1.WAV.wav,TRAIN/DR5/MGSH0/SA1.PHN,43,112545,112502
2941,TRAIN/DR5/MGSH0/SA2.WAV.wav,TRAIN/DR5/MGSH0/SA2.PHN,35,112580,112545
2942,TRAIN/DR5/MGSH0/SI1176.WAV.wav,TRAIN/DR5/MGSH0/SI1176.PHN,65,112645,112580
2943,TRAIN/DR5/MGSH0/SI1806.WAV.wav,TRAIN/DR5/MGSH0/SI1806.PHN,39,112684,112645
2944,TRAIN/DR5/MGSH0/SI546.WAV.wav,TRAIN/DR5/MGSH0/SI546.PHN,57,112741,112684
2945,TRAIN/DR5/MGSH0/SX127.WAV.wav,TRAIN/DR5/MGSH0/SX127.PHN,25,112766,112741
2946,TRAIN/DR5/MGSH0/SX186.WAV.wav,TRAIN/DR5/MGSH0/SX186.PHN,31,112797,112766
2947,TRAIN/DR5/MGSH0/SX276.WAV.wav,TRAIN/DR5/MGSH0/SX276.PHN,32,112829,112797
2948,TRAIN/DR5/MGSH0/SX6.WAV.wav,TRAIN/DR5/MGSH0/SX6.PHN,26,112855,112829
2949,TRAIN/DR5/MGSH0/SX96.WAV.wav,TRAIN/DR5/MGSH0/SX96.PHN,36,112891,112855
2950,TRAIN/DR5/MHIT0/SA1.WAV.wav,TRAIN/DR5/MHIT0/SA1.PHN,40,112931,112891
2951,TRAIN/DR5/MHIT0/SA2.WAV.wav,TRAIN/DR5/MHIT0/SA2.PHN,34,112965,112931
2952,TRAIN/DR5/MHIT0/SI1613.WAV.wav,TRAIN/DR5/MHIT0/SI1613.PHN,33,112998,112965
2953,TRAIN/DR5/MHIT0/SI2243.WAV.wav,TRAIN/DR5/MHIT0/SI2243.PHN,27,113025,112998
2954,TRAIN/DR5/MHIT0/SI983.WAV.wav,TRAIN/DR5/MHIT0/SI983.PHN,61,113086,113025
2955,TRAIN/DR5/MHIT0/SX173.WAV.wav,TRAIN/DR5/MHIT0/SX173.PHN,50,113136,113086
2956,TRAIN/DR5/MHIT0/SX263.WAV.wav,TRAIN/DR5/MHIT0/SX263.PHN,29,113165,113136
2957,TRAIN/DR5/MHIT0/SX353.WAV.wav,TRAIN/DR5/MHIT0/SX353.PHN,34,113199,113165
2958,TRAIN/DR5/MHIT0/SX443.WAV.wav,TRAIN/DR5/MHIT0/SX443.PHN,33,113232,113199
2959,TRAIN/DR5/MHIT0/SX83.WAV.wav,TRAIN/DR5/MHIT0/SX83.PHN,39,113271,113232
2960,TRAIN/DR5/MHMG0/SA1.WAV.wav,TRAIN/DR5/MHMG0/SA1.PHN,41,113312,113271
2961,TRAIN/DR5/MHMG0/SA2.WAV.wav,TRAIN/DR5/MHMG0/SA2.PHN,33,113345,113312
2962,TRAIN/DR5/MHMG0/SI1365.WAV.wav,TRAIN/DR5/MHMG0/SI1365.PHN,33,113378,113345
2963,TRAIN/DR5/MHMG0/SI1995.WAV.wav,TRAIN/DR5/MHMG0/SI1995.PHN,41,113419,113378
2964,TRAIN/DR5/MHMG0/SI735.WAV.wav,TRAIN/DR5/MHMG0/SI735.PHN,59,113478,113419
2965,TRAIN/DR5/MHMG0/SX105.WAV.wav,TRAIN/DR5/MHMG0/SX105.PHN,33,113511,113478
2966,TRAIN/DR5/MHMG0/SX15.WAV.wav,TRAIN/DR5/MHMG0/SX15.PHN,32,113543,113511
2967,TRAIN/DR5/MHMG0/SX195.WAV.wav,TRAIN/DR5/MHMG0/SX195.PHN,20,113563,113543
2968,TRAIN/DR5/MHMG0/SX285.WAV.wav,TRAIN/DR5/MHMG0/SX285.PHN,32,113595,113563
2969,TRAIN/DR5/MHMG0/SX375.WAV.wav,TRAIN/DR5/MHMG0/SX375.PHN,40,113635,113595
2970,TRAIN/DR5/MJDM0/SA1.WAV.wav,TRAIN/DR5/MJDM0/SA1.PHN,39,113674,113635
2971,TRAIN/DR5/MJDM0/SA2.WAV.wav,TRAIN/DR5/MJDM0/SA2.PHN,36,113710,113674
2972,TRAIN/DR5/MJDM0/SI1340.WAV.wav,TRAIN/DR5/MJDM0/SI1340.PHN,51,113761,113710
2973,TRAIN/DR5/MJDM0/SI1937.WAV.wav,TRAIN/DR5/MJDM0/SI1937.PHN,15,113776,113761
2974,TRAIN/DR5/MJDM0/SI974.WAV.wav,TRAIN/DR5/MJDM0/SI974.PHN,18,113794,113776
2975,TRAIN/DR5/MJDM0/SX170.WAV.wav,TRAIN/DR5/MJDM0/SX170.PHN,54,113848,113794
2976,TRAIN/DR5/MJDM0/SX260.WAV.wav,TRAIN/DR5/MJDM0/SX260.PHN,43,113891,113848
2977,TRAIN/DR5/MJDM0/SX350.WAV.wav,TRAIN/DR5/MJDM0/SX350.PHN,52,113943,113891
2978,TRAIN/DR5/MJDM0/SX440.WAV.wav,TRAIN/DR5/MJDM0/SX440.PHN,48,113991,113943
2979,TRAIN/DR5/MJDM0/SX80.WAV.wav,TRAIN/DR5/MJDM0/SX80.PHN,30,114021,113991
2980,TRAIN/DR5/MJFH0/SA1.WAV.wav,TRAIN/DR5/MJFH0/SA1.PHN,38,114059,114021
2981,TRAIN/DR5/MJFH0/SA2.WAV.wav,TRAIN/DR5/MJFH0/SA2.PHN,31,114090,114059
2982,TRAIN/DR5/MJFH0/SI1107.WAV.wav,TRAIN/DR5/MJFH0/SI1107.PHN,34,114124,114090
2983,TRAIN/DR5/MJFH0/SI1737.WAV.wav,TRAIN/DR5/MJFH0/SI1737.PHN,40,114164,114124
2984,TRAIN/DR5/MJFH0/SI477.WAV.wav,TRAIN/DR5/MJFH0/SI477.PHN,57,114221,114164
2985,TRAIN/DR5/MJFH0/SX117.WAV.wav,TRAIN/DR5/MJFH0/SX117.PHN,30,114251,114221
2986,TRAIN/DR5/MJFH0/SX207.WAV.wav,TRAIN/DR5/MJFH0/SX207.PHN,24,114275,114251
2987,TRAIN/DR5/MJFH0/SX27.WAV.wav,TRAIN/DR5/MJFH0/SX27.PHN,26,114301,114275
2988,TRAIN/DR5/MJFH0/SX297.WAV.wav,TRAIN/DR5/MJFH0/SX297.PHN,31,114332,114301
2989,TRAIN/DR5/MJFH0/SX387.WAV.wav,TRAIN/DR5/MJFH0/SX387.PHN,38,114370,114332
2990,TRAIN/DR5/MJPG0/SA1.WAV.wav,TRAIN/DR5/MJPG0/SA1.PHN,39,114409,114370
2991,TRAIN/DR5/MJPG0/SA2.WAV.wav,TRAIN/DR5/MJPG0/SA2.PHN,32,114441,114409
2992,TRAIN/DR5/MJPG0/SI1191.WAV.wav,TRAIN/DR5/MJPG0/SI1191.PHN,35,114476,114441
2993,TRAIN/DR5/MJPG0/SI1821.WAV.wav,TRAIN/DR5/MJPG0/SI1821.PHN,59,114535,114476
2994,TRAIN/DR5/MJPG0/SI561.WAV.wav,TRAIN/DR5/MJPG0/SI561.PHN,60,114595,114535
2995,TRAIN/DR5/MJPG0/SX111.WAV.wav,TRAIN/DR5/MJPG0/SX111.PHN,27,114622,114595
2996,TRAIN/DR5/MJPG0/SX201.WAV.wav,TRAIN/DR5/MJPG0/SX201.PHN,35,114657,114622
2997,TRAIN/DR5/MJPG0/SX21.WAV.wav,TRAIN/DR5/MJPG0/SX21.PHN,20,114677,114657
2998,TRAIN/DR5/MJPG0/SX291.WAV.wav,TRAIN/DR5/MJPG0/SX291.PHN,32,114709,114677
2999,TRAIN/DR5/MJPG0/SX381.WAV.wav,TRAIN/DR5/MJPG0/SX381.PHN,31,114740,114709
3000,TRAIN/DR5/MJRG0/SA1.WAV.wav,TRAIN/DR5/MJRG0/SA1.PHN,41,114781,114740
3001,TRAIN/DR5/MJRG0/SA2.WAV.wav,TRAIN/DR5/MJRG0/SA2.PHN,34,114815,114781
3002,TRAIN/DR5/MJRG0/SI1366.WAV.wav,TRAIN/DR5/MJRG0/SI1366.PHN,38,114853,114815
3003,TRAIN/DR5/MJRG0/SI1996.WAV.wav,TRAIN/DR5/MJRG0/SI1996.PHN,16,114869,114853
3004,TRAIN/DR5/MJRG0/SI736.WAV.wav,TRAIN/DR5/MJRG0/SI736.PHN,60,114929,114869
3005,TRAIN/DR5/MJRG0/SX106.WAV.wav,TRAIN/DR5/MJRG0/SX106.PHN,31,114960,114929
3006,TRAIN/DR5/MJRG0/SX16.WAV.wav,TRAIN/DR5/MJRG0/SX16.PHN,21,114981,114960
3007,TRAIN/DR5/MJRG0/SX286.WAV.wav,TRAIN/DR5/MJRG0/SX286.PHN,50,115031,114981
3008,TRAIN/DR5/MJRG0/SX352.WAV.wav,TRAIN/DR5/MJRG0/SX352.PHN,66,115097,115031
3009,TRAIN/DR5/MJRG0/SX376.WAV.wav,TRAIN/DR5/MJRG0/SX376.PHN,43,115140,115097
3010,TRAIN/DR5/MJWG0/SA1.WAV.wav,TRAIN/DR5/MJWG0/SA1.PHN,39,115179,115140
3011,TRAIN/DR5/MJWG0/SA2.WAV.wav,TRAIN/DR5/MJWG0/SA2.PHN,30,115209,115179
3012,TRAIN/DR5/MJWG0/SI2155.WAV.wav,TRAIN/DR5/MJWG0/SI2155.PHN,28,115237,115209
3013,TRAIN/DR5/MJWG0/SI813.WAV.wav,TRAIN/DR5/MJWG0/SI813.PHN,56,115293,115237
3014,TRAIN/DR5/MJWG0/SI895.WAV.wav,TRAIN/DR5/MJWG0/SI895.PHN,67,115360,115293
3015,TRAIN/DR5/MJWG0/SX175.WAV.wav,TRAIN/DR5/MJWG0/SX175.PHN,56,115416,115360
3016,TRAIN/DR5/MJWG0/SX265.WAV.wav,TRAIN/DR5/MJWG0/SX265.PHN,33,115449,115416
3017,TRAIN/DR5/MJWG0/SX355.WAV.wav,TRAIN/DR5/MJWG0/SX355.PHN,31,115480,115449
3018,TRAIN/DR5/MJWG0/SX445.WAV.wav,TRAIN/DR5/MJWG0/SX445.PHN,33,115513,115480
3019,TRAIN/DR5/MJWG0/SX85.WAV.wav,TRAIN/DR5/MJWG0/SX85.PHN,34,115547,115513
3020,TRAIN/DR5/MJXA0/SA1.WAV.wav,TRAIN/DR5/MJXA0/SA1.PHN,37,115584,115547
3021,TRAIN/DR5/MJXA0/SA2.WAV.wav,TRAIN/DR5/MJXA0/SA2.PHN,32,115616,115584
3022,TRAIN/DR5/MJXA0/SI1507.WAV.wav,TRAIN/DR5/MJXA0/SI1507.PHN,52,115668,115616
3023,TRAIN/DR5/MJXA0/SI2137.WAV.wav,TRAIN/DR5/MJXA0/SI2137.PHN,22,115690,115668
3024,TRAIN/DR5/MJXA0/SI877.WAV.wav,TRAIN/DR5/MJXA0/SI877.PHN,34,115724,115690
3025,TRAIN/DR5/MJXA0/SX157.WAV.wav,TRAIN/DR5/MJXA0/SX157.PHN,29,115753,115724
3026,TRAIN/DR5/MJXA0/SX247.WAV.wav,TRAIN/DR5/MJXA0/SX247.PHN,47,115800,115753
3027,TRAIN/DR5/MJXA0/SX337.WAV.wav,TRAIN/DR5/MJXA0/SX337.PHN,37,115837,115800
3028,TRAIN/DR5/MJXA0/SX427.WAV.wav,TRAIN/DR5/MJXA0/SX427.PHN,28,115865,115837
3029,TRAIN/DR5/MJXA0/SX67.WAV.wav,TRAIN/DR5/MJXA0/SX67.PHN,41,115906,115865
3030,TRAIN/DR5/MMAB1/SA1.WAV.wav,TRAIN/DR5/MMAB1/SA1.PHN,40,115946,115906
3031,TRAIN/DR5/MMAB1/SA2.WAV.wav,TRAIN/DR5/MMAB1/SA2.PHN,33,115979,115946
3032,TRAIN/DR5/MMAB1/SI1494.WAV.wav,TRAIN/DR5/MMAB1/SI1494.PHN,18,115997,115979
3033,TRAIN/DR5/MMAB1/SI2124.WAV.wav,TRAIN/DR5/MMAB1/SI2124.PHN,26,116023,115997
3034,TRAIN/DR5/MMAB1/SI864.WAV.wav,TRAIN/DR5/MMAB1/SI864.PHN,64,116087,116023
3035,TRAIN/DR5/MMAB1/SX144.WAV.wav,TRAIN/DR5/MMAB1/SX144.PHN,33,116120,116087
3036,TRAIN/DR5/MMAB1/SX234.WAV.wav,TRAIN/DR5/MMAB1/SX234.PHN,34,116154,116120
3037,TRAIN/DR5/MMAB1/SX324.WAV.wav,TRAIN/DR5/MMAB1/SX324.PHN,65,116219,116154
3038,TRAIN/DR5/MMAB1/SX414.WAV.wav,TRAIN/DR5/MMAB1/SX414.PHN,41,116260,116219
3039,TRAIN/DR5/MMAB1/SX54.WAV.wav,TRAIN/DR5/MMAB1/SX54.PHN,47,116307,116260
3040,TRAIN/DR5/MMCC0/SA1.WAV.wav,TRAIN/DR5/MMCC0/SA1.PHN,41,116348,116307
3041,TRAIN/DR5/MMCC0/SA2.WAV.wav,TRAIN/DR5/MMCC0/SA2.PHN,34,116382,116348
3042,TRAIN/DR5/MMCC0/SI1338.WAV.wav,TRAIN/DR5/MMCC0/SI1338.PHN,58,116440,116382
3043,TRAIN/DR5/MMCC0/SI1968.WAV.wav,TRAIN/DR5/MMCC0/SI1968.PHN,37,116477,116440
3044,TRAIN/DR5/MMCC0/SI708.WAV.wav,TRAIN/DR5/MMCC0/SI708.PHN,38,116515,116477
3045,TRAIN/DR5/MMCC0/SX168.WAV.wav,TRAIN/DR5/MMCC0/SX168.PHN,24,116539,116515
3046,TRAIN/DR5/MMCC0/SX258.WAV.wav,TRAIN/DR5/MMCC0/SX258.PHN,35,116574,116539
3047,TRAIN/DR5/MMCC0/SX348.WAV.wav,TRAIN/DR5/MMCC0/SX348.PHN,43,116617,116574
3048,TRAIN/DR5/MMCC0/SX438.WAV.wav,TRAIN/DR5/MMCC0/SX438.PHN,51,116668,116617
3049,TRAIN/DR5/MMCC0/SX78.WAV.wav,TRAIN/DR5/MMCC0/SX78.PHN,29,116697,116668
3050,TRAIN/DR5/MMDM1/SA1.WAV.wav,TRAIN/DR5/MMDM1/SA1.PHN,39,116736,116697
3051,TRAIN/DR5/MMDM1/SA2.WAV.wav,TRAIN/DR5/MMDM1/SA2.PHN,34,116770,116736
3052,TRAIN/DR5/MMDM1/SI1650.WAV.wav,TRAIN/DR5/MMDM1/SI1650.PHN,17,116787,116770
3053,TRAIN/DR5/MMDM1/SI2043.WAV.wav,TRAIN/DR5/MMDM1/SI2043.PHN,19,116806,116787
3054,TRAIN/DR5/MMDM1/SI783.WAV.wav,TRAIN/DR5/MMDM1/SI783.PHN,36,116842,116806
3055,TRAIN/DR5/MMDM1/SX153.WAV.wav,TRAIN/DR5/MMDM1/SX153.PHN,52,116894,116842
3056,TRAIN/DR5/MMDM1/SX243.WAV.wav,TRAIN/DR5/MMDM1/SX243.PHN,40,116934,116894
3057,TRAIN/DR5/MMDM1/SX333.WAV.wav,TRAIN/DR5/MMDM1/SX333.PHN,50,116984,116934
3058,TRAIN/DR5/MMDM1/SX423.WAV.wav,TRAIN/DR5/MMDM1/SX423.PHN,48,117032,116984
3059,TRAIN/DR5/MMDM1/SX63.WAV.wav,TRAIN/DR5/MMDM1/SX63.PHN,36,117068,117032
3060,TRAIN/DR5/MMVP0/SA1.WAV.wav,TRAIN/DR5/MMVP0/SA1.PHN,42,117110,117068
3061,TRAIN/DR5/MMVP0/SA2.WAV.wav,TRAIN/DR5/MMVP0/SA2.PHN,39,117149,117110
3062,TRAIN/DR5/MMVP0/SI1284.WAV.wav,TRAIN/DR5/MMVP0/SI1284.PHN,30,117179,117149
3063,TRAIN/DR5/MMVP0/SI1914.WAV.wav,TRAIN/DR5/MMVP0/SI1914.PHN,28,117207,117179
3064,TRAIN/DR5/MMVP0/SI654.WAV.wav,TRAIN/DR5/MMVP0/SI654.PHN,71,117278,117207
3065,TRAIN/DR5/MMVP0/SX114.WAV.wav,TRAIN/DR5/MMVP0/SX114.PHN,37,117315,117278
3066,TRAIN/DR5/MMVP0/SX204.WAV.wav,TRAIN/DR5/MMVP0/SX204.PHN,33,117348,117315
3067,TRAIN/DR5/MMVP0/SX294.WAV.wav,TRAIN/DR5/MMVP0/SX294.PHN,29,117377,117348
3068,TRAIN/DR5/MMVP0/SX347.WAV.wav,TRAIN/DR5/MMVP0/SX347.PHN,60,117437,117377
3069,TRAIN/DR5/MMVP0/SX384.WAV.wav,TRAIN/DR5/MMVP0/SX384.PHN,27,117464,117437
3070,TRAIN/DR5/MMWB0/SA1.WAV.wav,TRAIN/DR5/MMWB0/SA1.PHN,42,117506,117464
3071,TRAIN/DR5/MMWB0/SA2.WAV.wav,TRAIN/DR5/MMWB0/SA2.PHN,37,117543,117506
3072,TRAIN/DR5/MMWB0/SI1619.WAV.wav,TRAIN/DR5/MMWB0/SI1619.PHN,22,117565,117543
3073,TRAIN/DR5/MMWB0/SI2249.WAV.wav,TRAIN/DR5/MMWB0/SI2249.PHN,61,117626,117565
3074,TRAIN/DR5/MMWB0/SI989.WAV.wav,TRAIN/DR5/MMWB0/SI989.PHN,38,117664,117626
3075,TRAIN/DR5/MMWB0/SX179.WAV.wav,TRAIN/DR5/MMWB0/SX179.PHN,39,117703,117664
3076,TRAIN/DR5/MMWB0/SX269.WAV.wav,TRAIN/DR5/MMWB0/SX269.PHN,29,117732,117703
3077,TRAIN/DR5/MMWB0/SX359.WAV.wav,TRAIN/DR5/MMWB0/SX359.PHN,46,117778,117732
3078,TRAIN/DR5/MMWB0/SX449.WAV.wav,TRAIN/DR5/MMWB0/SX449.PHN,51,117829,117778
3079,TRAIN/DR5/MMWB0/SX89.WAV.wav,TRAIN/DR5/MMWB0/SX89.PHN,40,117869,117829
3080,TRAIN/DR5/MPMB0/SA1.WAV.wav,TRAIN/DR5/MPMB0/SA1.PHN,44,117913,117869
3081,TRAIN/DR5/MPMB0/SA2.WAV.wav,TRAIN/DR5/MPMB0/SA2.PHN,37,117950,117913
3082,TRAIN/DR5/MPMB0/SI1501.WAV.wav,TRAIN/DR5/MPMB0/SI1501.PHN,51,118001,117950
3083,TRAIN/DR5/MPMB0/SI2131.WAV.wav,TRAIN/DR5/MPMB0/SI2131.PHN,37,118038,118001
3084,TRAIN/DR5/MPMB0/SI871.WAV.wav,TRAIN/DR5/MPMB0/SI871.PHN,40,118078,118038
3085,TRAIN/DR5/MPMB0/SX151.WAV.wav,TRAIN/DR5/MPMB0/SX151.PHN,50,118128,118078
3086,TRAIN/DR5/MPMB0/SX241.WAV.wav,TRAIN/DR5/MPMB0/SX241.PHN,35,118163,118128
3087,TRAIN/DR5/MPMB0/SX331.WAV.wav,TRAIN/DR5/MPMB0/SX331.PHN,35,118198,118163
3088,TRAIN/DR5/MPMB0/SX421.WAV.wav,TRAIN/DR5/MPMB0/SX421.PHN,38,118236,118198
3089,TRAIN/DR5/MPMB0/SX61.WAV.wav,TRAIN/DR5/MPMB0/SX61.PHN,49,118285,118236
3090,TRAIN/DR5/MRAM0/SA1.WAV.wav,TRAIN/DR5/MRAM0/SA1.PHN,40,118325,118285
3091,TRAIN/DR5/MRAM0/SA2.WAV.wav,TRAIN/DR5/MRAM0/SA2.PHN,35,118360,118325
3092,TRAIN/DR5/MRAM0/SI1275.WAV.wav,TRAIN/DR5/MRAM0/SI1275.PHN,36,118396,118360
3093,TRAIN/DR5/MRAM0/SI1905.WAV.wav,TRAIN/DR5/MRAM0/SI1905.PHN,33,118429,118396
3094,TRAIN/DR5/MRAM0/SI1951.WAV.wav,TRAIN/DR5/MRAM0/SI1951.PHN,61,118490,118429
3095,TRAIN/DR5/MRAM0/SX105.WAV.wav,TRAIN/DR5/MRAM0/SX105.PHN,32,118522,118490
3096,TRAIN/DR5/MRAM0/SX15.WAV.wav,TRAIN/DR5/MRAM0/SX15.PHN,37,118559,118522
3097,TRAIN/DR5/MRAM0/SX195.WAV.wav,TRAIN/DR5/MRAM0/SX195.PHN,25,118584,118559
3098,TRAIN/DR5/MRAM0/SX285.WAV.wav,TRAIN/DR5/MRAM0/SX285.PHN,34,118618,118584
3099,TRAIN/DR5/MRAM0/SX375.WAV.wav,TRAIN/DR5/MRAM0/SX375.PHN,40,118658,118618
3100,TRAIN/DR5/MRAV0/SA1.WAV.wav,TRAIN/DR5/MRAV0/SA1.PHN,40,118698,118658
3101,TRAIN/DR5/MRAV0/SA2.WAV.wav,TRAIN/DR5/MRAV0/SA2.PHN,33,118731,118698
3102,TRAIN/DR5/MRAV0/SI1008.WAV.wav,TRAIN/DR5/MRAV0/SI1008.PHN,21,118752,118731
3103,TRAIN/DR5/MRAV0/SI1638.WAV.wav,TRAIN/DR5/MRAV0/SI1638.PHN,48,118800,118752
3104,TRAIN/DR5/MRAV0/SI2268.WAV.wav,TRAIN/DR5/MRAV0/SI2268.PHN,58,118858,118800
3105,TRAIN/DR5/MRAV0/SX108.WAV.wav,TRAIN/DR5/MRAV0/SX108.PHN,37,118895,118858
3106,TRAIN/DR5/MRAV0/SX18.WAV.wav,TRAIN/DR5/MRAV0/SX18.PHN,32,118927,118895
3107,TRAIN/DR5/MRAV0/SX198.WAV.wav,TRAIN/DR5/MRAV0/SX198.PHN,31,118958,118927
3108,TRAIN/DR5/MRAV0/SX288.WAV.wav,TRAIN/DR5/MRAV0/SX288.PHN,44,119002,118958
3109,TRAIN/DR5/MRAV0/SX378.WAV.wav,TRAIN/DR5/MRAV0/SX378.PHN,41,119043,119002
3110,TRAIN/DR5/MREW1/SA1.WAV.wav,TRAIN/DR5/MREW1/SA1.PHN,42,119085,119043
3111,TRAIN/DR5/MREW1/SA2.WAV.wav,TRAIN/DR5/MREW1/SA2.PHN,32,119117,119085
3112,TRAIN/DR5/MREW1/SI1500.WAV.wav,TRAIN/DR5/MREW1/SI1500.PHN,37,119154,119117
3113,TRAIN/DR5/MREW1/SI2130.WAV.wav,TRAIN/DR5/MREW1/SI2130.PHN,15,119169,119154
3114,TRAIN/DR5/MREW1/SI870.WAV.wav,TRAIN/DR5/MREW1/SI870.PHN,47,119216,119169
3115,TRAIN/DR5/MREW1/SX150.WAV.wav,TRAIN/DR5/MREW1/SX150.PHN,31,119247,119216
3116,TRAIN/DR5/MREW1/SX240.WAV.wav,TRAIN/DR5/MREW1/SX240.PHN,40,119287,119247
3117,TRAIN/DR5/MREW1/SX330.WAV.wav,TRAIN/DR5/MREW1/SX330.PHN,37,119324,119287
3118,TRAIN/DR5/MREW1/SX420.WAV.wav,TRAIN/DR5/MREW1/SX420.PHN,46,119370,119324
3119,TRAIN/DR5/MREW1/SX60.WAV.wav,TRAIN/DR5/MREW1/SX60.PHN,51,119421,119370
3120,TRAIN/DR5/MRKM0/SA1.WAV.wav,TRAIN/DR5/MRKM0/SA1.PHN,41,119462,119421
3121,TRAIN/DR5/MRKM0/SA2.WAV.wav,TRAIN/DR5/MRKM0/SA2.PHN,37,119499,119462
3122,TRAIN/DR5/MRKM0/SI1267.WAV.wav,TRAIN/DR5/MRKM0/SI1267.PHN,58,119557,119499
3123,TRAIN/DR5/MRKM0/SI1391.WAV.wav,TRAIN/DR5/MRKM0/SI1391.PHN,61,119618,119557
3124,TRAIN/DR5/MRKM0/SI637.WAV.wav,TRAIN/DR5/MRKM0/SI637.PHN,57,119675,119618
3125,TRAIN/DR5/MRKM0/SX187.WAV.wav,TRAIN/DR5/MRKM0/SX187.PHN,24,119699,119675
3126,TRAIN/DR5/MRKM0/SX277.WAV.wav,TRAIN/DR5/MRKM0/SX277.PHN,27,119726,119699
3127,TRAIN/DR5/MRKM0/SX367.WAV.wav,TRAIN/DR5/MRKM0/SX367.PHN,35,119761,119726
3128,TRAIN/DR5/MRKM0/SX7.WAV.wav,TRAIN/DR5/MRKM0/SX7.PHN,31,119792,119761
3129,TRAIN/DR5/MRKM0/SX97.WAV.wav,TRAIN/DR5/MRKM0/SX97.PHN,35,119827,119792
3130,TRAIN/DR5/MRLD0/SA1.WAV.wav,TRAIN/DR5/MRLD0/SA1.PHN,39,119866,119827
3131,TRAIN/DR5/MRLD0/SA2.WAV.wav,TRAIN/DR5/MRLD0/SA2.PHN,33,119899,119866
3132,TRAIN/DR5/MRLD0/SI1594.WAV.wav,TRAIN/DR5/MRLD0/SI1594.PHN,34,119933,119899
3133,TRAIN/DR5/MRLD0/SI2224.WAV.wav,TRAIN/DR5/MRLD0/SI2224.PHN,26,119959,119933
3134,TRAIN/DR5/MRLD0/SI964.WAV.wav,TRAIN/DR5/MRLD0/SI964.PHN,57,120016,119959
3135,TRAIN/DR5/MRLD0/SX154.WAV.wav,TRAIN/DR5/MRLD0/SX154.PHN,33,120049,120016
3136,TRAIN/DR5/MRLD0/SX244.WAV.wav,TRAIN/DR5/MRLD0/SX244.PHN,43,120092,120049
3137,TRAIN/DR5/MRLD0/SX334.WAV.wav,TRAIN/DR5/MRLD0/SX334.PHN,30,120122,120092
3138,TRAIN/DR5/MRLD0/SX424.WAV.wav,TRAIN/DR5/MRLD0/SX424.PHN,36,120158,120122
3139,TRAIN/DR5/MRLD0/SX64.WAV.wav,TRAIN/DR5/MRLD0/SX64.PHN,34,120192,120158
3140,TRAIN/DR5/MRML0/SA1.WAV.wav,TRAIN/DR5/MRML0/SA1.PHN,44,120236,120192
3141,TRAIN/DR5/MRML0/SA2.WAV.wav,TRAIN/DR5/MRML0/SA2.PHN,36,120272,120236
3142,TRAIN/DR5/MRML0/SI1421.WAV.wav,TRAIN/DR5/MRML0/SI1421.PHN,52,120324,120272
3143,TRAIN/DR5/MRML0/SI2051.WAV.wav,TRAIN/DR5/MRML0/SI2051.PHN,17,120341,120324
3144,TRAIN/DR5/MRML0/SI791.WAV.wav,TRAIN/DR5/MRML0/SI791.PHN,33,120374,120341
3145,TRAIN/DR5/MRML0/SX161.WAV.wav,TRAIN/DR5/MRML0/SX161.PHN,54,120428,120374
3146,TRAIN/DR5/MRML0/SX251.WAV.wav,TRAIN/DR5/MRML0/SX251.PHN,57,120485,120428
3147,TRAIN/DR5/MRML0/SX341.WAV.wav,TRAIN/DR5/MRML0/SX341.PHN,42,120527,120485
3148,TRAIN/DR5/MRML0/SX431.WAV.wav,TRAIN/DR5/MRML0/SX431.PHN,35,120562,120527
3149,TRAIN/DR5/MRML0/SX71.WAV.wav,TRAIN/DR5/MRML0/SX71.PHN,30,120592,120562
3150,TRAIN/DR5/MRVG0/SA1.WAV.wav,TRAIN/DR5/MRVG0/SA1.PHN,40,120632,120592
3151,TRAIN/DR5/MRVG0/SA2.WAV.wav,TRAIN/DR5/MRVG0/SA2.PHN,31,120663,120632
3152,TRAIN/DR5/MRVG0/SI1140.WAV.wav,TRAIN/DR5/MRVG0/SI1140.PHN,33,120696,120663
3153,TRAIN/DR5/MRVG0/SI1770.WAV.wav,TRAIN/DR5/MRVG0/SI1770.PHN,31,120727,120696
3154,TRAIN/DR5/MRVG0/SI510.WAV.wav,TRAIN/DR5/MRVG0/SI510.PHN,39,120766,120727
3155,TRAIN/DR5/MRVG0/SX150.WAV.wav,TRAIN/DR5/MRVG0/SX150.PHN,30,120796,120766
3156,TRAIN/DR5/MRVG0/SX240.WAV.wav,TRAIN/DR5/MRVG0/SX240.PHN,39,120835,120796
3157,TRAIN/DR5/MRVG0/SX330.WAV.wav,TRAIN/DR5/MRVG0/SX330.PHN,37,120872,120835
3158,TRAIN/DR5/MRVG0/SX420.WAV.wav,TRAIN/DR5/MRVG0/SX420.PHN,47,120919,120872
3159,TRAIN/DR5/MRVG0/SX60.WAV.wav,TRAIN/DR5/MRVG0/SX60.PHN,50,120969,120919
3160,TRAIN/DR5/MSAS0/SA1.WAV.wav,TRAIN/DR5/MSAS0/SA1.PHN,43,121012,120969
3161,TRAIN/DR5/MSAS0/SA2.WAV.wav,TRAIN/DR5/MSAS0/SA2.PHN,37,121049,121012
3162,TRAIN/DR5/MSAS0/SI1376.WAV.wav,TRAIN/DR5/MSAS0/SI1376.PHN,68,121117,121049
3163,TRAIN/DR5/MSAS0/SI2006.WAV.wav,TRAIN/DR5/MSAS0/SI2006.PHN,34,121151,121117
3164,TRAIN/DR5/MSAS0/SI746.WAV.wav,TRAIN/DR5/MSAS0/SI746.PHN,42,121193,121151
3165,TRAIN/DR5/MSAS0/SX116.WAV.wav,TRAIN/DR5/MSAS0/SX116.PHN,27,121220,121193
3166,TRAIN/DR5/MSAS0/SX206.WAV.wav,TRAIN/DR5/MSAS0/SX206.PHN,43,121263,121220
3167,TRAIN/DR5/MSAS0/SX26.WAV.wav,TRAIN/DR5/MSAS0/SX26.PHN,28,121291,121263
3168,TRAIN/DR5/MSAS0/SX296.WAV.wav,TRAIN/DR5/MSAS0/SX296.PHN,35,121326,121291
3169,TRAIN/DR5/MSAS0/SX386.WAV.wav,TRAIN/DR5/MSAS0/SX386.PHN,30,121356,121326
3170,TRAIN/DR5/MSDH0/SA1.WAV.wav,TRAIN/DR5/MSDH0/SA1.PHN,40,121396,121356
3171,TRAIN/DR5/MSDH0/SA2.WAV.wav,TRAIN/DR5/MSDH0/SA2.PHN,33,121429,121396
3172,TRAIN/DR5/MSDH0/SI2113.WAV.wav,TRAIN/DR5/MSDH0/SI2113.PHN,15,121444,121429
3173,TRAIN/DR5/MSDH0/SI2240.WAV.wav,TRAIN/DR5/MSDH0/SI2240.PHN,19,121463,121444
3174,TRAIN/DR5/MSDH0/SI980.WAV.wav,TRAIN/DR5/MSDH0/SI980.PHN,52,121515,121463
3175,TRAIN/DR5/MSDH0/SX170.WAV.wav,TRAIN/DR5/MSDH0/SX170.PHN,53,121568,121515
3176,TRAIN/DR5/MSDH0/SX260.WAV.wav,TRAIN/DR5/MSDH0/SX260.PHN,42,121610,121568
3177,TRAIN/DR5/MSDH0/SX350.WAV.wav,TRAIN/DR5/MSDH0/SX350.PHN,50,121660,121610
3178,TRAIN/DR5/MSDH0/SX440.WAV.wav,TRAIN/DR5/MSDH0/SX440.PHN,49,121709,121660
3179,TRAIN/DR5/MSDH0/SX80.WAV.wav,TRAIN/DR5/MSDH0/SX80.PHN,28,121737,121709
3180,TRAIN/DR5/MSEM1/SA1.WAV.wav,TRAIN/DR5/MSEM1/SA1.PHN,41,121778,121737
3181,TRAIN/DR5/MSEM1/SA2.WAV.wav,TRAIN/DR5/MSEM1/SA2.PHN,37,121815,121778
3182,TRAIN/DR5/MSEM1/SI1440.WAV.wav,TRAIN/DR5/MSEM1/SI1440.PHN,36,121851,121815
3183,TRAIN/DR5/MSEM1/SI2070.WAV.wav,TRAIN/DR5/MSEM1/SI2070.PHN,63,121914,121851
3184,TRAIN/DR5/MSEM1/SI810.WAV.wav,TRAIN/DR5/MSEM1/SI810.PHN,66,121980,121914
3185,TRAIN/DR5/MSEM1/SX180.WAV.wav,TRAIN/DR5/MSEM1/SX180.PHN,38,122018,121980
3186,TRAIN/DR5/MSEM1/SX270.WAV.wav,TRAIN/DR5/MSEM1/SX270.PHN,33,122051,122018
3187,TRAIN/DR5/MSEM1/SX360.WAV.wav,TRAIN/DR5/MSEM1/SX360.PHN,32,122083,122051
3188,TRAIN/DR5/MSEM1/SX450.WAV.wav,TRAIN/DR5/MSEM1/SX450.PHN,47,122130,122083
3189,TRAIN/DR5/MSEM1/SX90.WAV.wav,TRAIN/DR5/MSEM1/SX90.PHN,27,122157,122130
3190,TRAIN/DR5/MSRR0/SA1.WAV.wav,TRAIN/DR5/MSRR0/SA1.PHN,38,122195,122157
3191,TRAIN/DR5/MSRR0/SA2.WAV.wav,TRAIN/DR5/MSRR0/SA2.PHN,32,122227,122195
3192,TRAIN/DR5/MSRR0/SI1131.WAV.wav,TRAIN/DR5/MSRR0/SI1131.PHN,34,122261,122227
3193,TRAIN/DR5/MSRR0/SI1761.WAV.wav,TRAIN/DR5/MSRR0/SI1761.PHN,54,122315,122261
3194,TRAIN/DR5/MSRR0/SI501.WAV.wav,TRAIN/DR5/MSRR0/SI501.PHN,61,122376,122315
3195,TRAIN/DR5/MSRR0/SX141.WAV.wav,TRAIN/DR5/MSRR0/SX141.PHN,50,122426,122376
3196,TRAIN/DR5/MSRR0/SX231.WAV.wav,TRAIN/DR5/MSRR0/SX231.PHN,13,122439,122426
3197,TRAIN/DR5/MSRR0/SX30.WAV.wav,TRAIN/DR5/MSRR0/SX30.PHN,25,122464,122439
3198,TRAIN/DR5/MSRR0/SX411.WAV.wav,TRAIN/DR5/MSRR0/SX411.PHN,39,122503,122464
3199,TRAIN/DR5/MSRR0/SX51.WAV.wav,TRAIN/DR5/MSRR0/SX51.PHN,44,122547,122503
3200,TRAIN/DR5/MTAT0/SA1.WAV.wav,TRAIN/DR5/MTAT0/SA1.PHN,39,122586,122547
3201,TRAIN/DR5/MTAT0/SA2.WAV.wav,TRAIN/DR5/MTAT0/SA2.PHN,33,122619,122586
3202,TRAIN/DR5/MTAT0/SI1110.WAV.wav,TRAIN/DR5/MTAT0/SI1110.PHN,61,122680,122619
3203,TRAIN/DR5/MTAT0/SI1740.WAV.wav,TRAIN/DR5/MTAT0/SI1740.PHN,39,122719,122680
3204,TRAIN/DR5/MTAT0/SI811.WAV.wav,TRAIN/DR5/MTAT0/SI811.PHN,57,122776,122719
3205,TRAIN/DR5/MTAT0/SX120.WAV.wav,TRAIN/DR5/MTAT0/SX120.PHN,37,122813,122776
3206,TRAIN/DR5/MTAT0/SX210.WAV.wav,TRAIN/DR5/MTAT0/SX210.PHN,25,122838,122813
3207,TRAIN/DR5/MTAT0/SX30.WAV.wav,TRAIN/DR5/MTAT0/SX30.PHN,25,122863,122838
3208,TRAIN/DR5/MTAT0/SX300.WAV.wav,TRAIN/DR5/MTAT0/SX300.PHN,27,122890,122863
3209,TRAIN/DR5/MTAT0/SX390.WAV.wav,TRAIN/DR5/MTAT0/SX390.PHN,37,122927,122890
3210,TRAIN/DR5/MTDP0/SA1.WAV.wav,TRAIN/DR5/MTDP0/SA1.PHN,41,122968,122927
3211,TRAIN/DR5/MTDP0/SA2.WAV.wav,TRAIN/DR5/MTDP0/SA2.PHN,36,123004,122968
3212,TRAIN/DR5/MTDP0/SI1274.WAV.wav,TRAIN/DR5/MTDP0/SI1274.PHN,22,123026,123004
3213,TRAIN/DR5/MTDP0/SI1521.WAV.wav,TRAIN/DR5/MTDP0/SI1521.PHN,54,123080,123026
3214,TRAIN/DR5/MTDP0/SI2151.WAV.wav,TRAIN/DR5/MTDP0/SI2151.PHN,39,123119,123080
3215,TRAIN/DR5/MTDP0/SX171.WAV.wav,TRAIN/DR5/MTDP0/SX171.PHN,52,123171,123119
3216,TRAIN/DR5/MTDP0/SX261.WAV.wav,TRAIN/DR5/MTDP0/SX261.PHN,27,123198,123171
3217,TRAIN/DR5/MTDP0/SX351.WAV.wav,TRAIN/DR5/MTDP0/SX351.PHN,52,123250,123198
3218,TRAIN/DR5/MTDP0/SX441.WAV.wav,TRAIN/DR5/MTDP0/SX441.PHN,38,123288,123250
3219,TRAIN/DR5/MTDP0/SX81.WAV.wav,TRAIN/DR5/MTDP0/SX81.PHN,36,123324,123288
3220,TRAIN/DR5/MTMT0/SA1.WAV.wav,TRAIN/DR5/MTMT0/SA1.PHN,40,123364,123324
3221,TRAIN/DR5/MTMT0/SA2.WAV.wav,TRAIN/DR5/MTMT0/SA2.PHN,33,123397,123364
3222,TRAIN/DR5/MTMT0/SI1118.WAV.wav,TRAIN/DR5/MTMT0/SI1118.PHN,42,123439,123397
3223,TRAIN/DR5/MTMT0/SI1748.WAV.wav,TRAIN/DR5/MTMT0/SI1748.PHN,36,123475,123439
3224,TRAIN/DR5/MTMT0/SI488.WAV.wav,TRAIN/DR5/MTMT0/SI488.PHN,53,123528,123475
3225,TRAIN/DR5/MTMT0/SX128.WAV.wav,TRAIN/DR5/MTMT0/SX128.PHN,27,123555,123528
3226,TRAIN/DR5/MTMT0/SX218.WAV.wav,TRAIN/DR5/MTMT0/SX218.PHN,44,123599,123555
3227,TRAIN/DR5/MTMT0/SX308.WAV.wav,TRAIN/DR5/MTMT0/SX308.PHN,33,123632,123599
3228,TRAIN/DR5/MTMT0/SX38.WAV.wav,TRAIN/DR5/MTMT0/SX38.PHN,45,123677,123632
3229,TRAIN/DR5/MTMT0/SX398.WAV.wav,TRAIN/DR5/MTMT0/SX398.PHN,44,123721,123677
3230,TRAIN/DR5/MVLO0/SA1.WAV.wav,TRAIN/DR5/MVLO0/SA1.PHN,40,123761,123721
3231,TRAIN/DR5/MVLO0/SA2.WAV.wav,TRAIN/DR5/MVLO0/SA2.PHN,32,123793,123761
3232,TRAIN/DR5/MVLO0/SI1147.WAV.wav,TRAIN/DR5/MVLO0/SI1147.PHN,35,123828,123793
3233,TRAIN/DR5/MVLO0/SI1777.WAV.wav,TRAIN/DR5/MVLO0/SI1777.PHN,28,123856,123828
3234,TRAIN/DR5/MVLO0/SI517.WAV.wav,TRAIN/DR5/MVLO0/SI517.PHN,57,123913,123856
3235,TRAIN/DR5/MVLO0/SX157.WAV.wav,TRAIN/DR5/MVLO0/SX157.PHN,33,123946,123913
3236,TRAIN/DR5/MVLO0/SX247.WAV.wav,TRAIN/DR5/MVLO0/SX247.PHN,48,123994,123946
3237,TRAIN/DR5/MVLO0/SX337.WAV.wav,TRAIN/DR5/MVLO0/SX337.PHN,38,124032,123994
3238,TRAIN/DR5/MVLO0/SX427.WAV.wav,TRAIN/DR5/MVLO0/SX427.PHN,27,124059,124032
3239,TRAIN/DR5/MVLO0/SX67.WAV.wav,TRAIN/DR5/MVLO0/SX67.PHN,43,124102,124059
3240,TRAIN/DR5/MWAC0/SA1.WAV.wav,TRAIN/DR5/MWAC0/SA1.PHN,38,124140,124102
3241,TRAIN/DR5/MWAC0/SA2.WAV.wav,TRAIN/DR5/MWAC0/SA2.PHN,33,124173,124140
3242,TRAIN/DR5/MWAC0/SI1601.WAV.wav,TRAIN/DR5/MWAC0/SI1601.PHN,50,124223,124173
3243,TRAIN/DR5/MWAC0/SI2231.WAV.wav,TRAIN/DR5/MWAC0/SI2231.PHN,39,124262,124223
3244,TRAIN/DR5/MWAC0/SI971.WAV.wav,TRAIN/DR5/MWAC0/SI971.PHN,29,124291,124262
3245,TRAIN/DR5/MWAC0/SX161.WAV.wav,TRAIN/DR5/MWAC0/SX161.PHN,50,124341,124291
3246,TRAIN/DR5/MWAC0/SX251.WAV.wav,TRAIN/DR5/MWAC0/SX251.PHN,54,124395,124341
3247,TRAIN/DR5/MWAC0/SX341.WAV.wav,TRAIN/DR5/MWAC0/SX341.PHN,43,124438,124395
3248,TRAIN/DR5/MWAC0/SX431.WAV.wav,TRAIN/DR5/MWAC0/SX431.PHN,35,124473,124438
3249,TRAIN/DR5/MWAC0/SX71.WAV.wav,TRAIN/DR5/MWAC0/SX71.PHN,31,124504,124473
3250,TRAIN/DR5/MWCH0/SA1.WAV.wav,TRAIN/DR5/MWCH0/SA1.PHN,40,124544,124504
3251,TRAIN/DR5/MWCH0/SA2.WAV.wav,TRAIN/DR5/MWCH0/SA2.PHN,34,124578,124544
3252,TRAIN/DR5/MWCH0/SI1622.WAV.wav,TRAIN/DR5/MWCH0/SI1622.PHN,43,124621,124578
3253,TRAIN/DR5/MWCH0/SI1895.WAV.wav,TRAIN/DR5/MWCH0/SI1895.PHN,14,124635,124621
3254,TRAIN/DR5/MWCH0/SI2252.WAV.wav,TRAIN/DR5/MWCH0/SI2252.PHN,42,124677,124635
3255,TRAIN/DR5/MWCH0/SX182.WAV.wav,TRAIN/DR5/MWCH0/SX182.PHN,23,124700,124677
3256,TRAIN/DR5/MWCH0/SX272.WAV.wav,TRAIN/DR5/MWCH0/SX272.PHN,25,124725,124700
3257,TRAIN/DR5/MWCH0/SX362.WAV.wav,TRAIN/DR5/MWCH0/SX362.PHN,42,124767,124725
3258,TRAIN/DR5/MWCH0/SX452.WAV.wav,TRAIN/DR5/MWCH0/SX452.PHN,44,124811,124767
3259,TRAIN/DR5/MWCH0/SX92.WAV.wav,TRAIN/DR5/MWCH0/SX92.PHN,34,124845,124811
3260,TRAIN/DR5/MWEM0/SA1.WAV.wav,TRAIN/DR5/MWEM0/SA1.PHN,39,124884,124845
3261,TRAIN/DR5/MWEM0/SA2.WAV.wav,TRAIN/DR5/MWEM0/SA2.PHN,33,124917,124884
3262,TRAIN/DR5/MWEM0/SI1320.WAV.wav,TRAIN/DR5/MWEM0/SI1320.PHN,37,124954,124917
3263,TRAIN/DR5/MWEM0/SI1393.WAV.wav,TRAIN/DR5/MWEM0/SI1393.PHN,32,124986,124954
3264,TRAIN/DR5/MWEM0/SI1950.WAV.wav,TRAIN/DR5/MWEM0/SI1950.PHN,26,125012,124986
3265,TRAIN/DR5/MWEM0/SX150.WAV.wav,TRAIN/DR5/MWEM0/SX150.PHN,31,125043,125012
3266,TRAIN/DR5/MWEM0/SX240.WAV.wav,TRAIN/DR5/MWEM0/SX240.PHN,39,125082,125043
3267,TRAIN/DR5/MWEM0/SX330.WAV.wav,TRAIN/DR5/MWEM0/SX330.PHN,39,125121,125082
3268,TRAIN/DR5/MWEM0/SX420.WAV.wav,TRAIN/DR5/MWEM0/SX420.PHN,51,125172,125121
3269,TRAIN/DR5/MWEM0/SX60.WAV.wav,TRAIN/DR5/MWEM0/SX60.PHN,49,125221,125172
3270,TRAIN/DR5/MWSH0/SA1.WAV.wav,TRAIN/DR5/MWSH0/SA1.PHN,42,125263,125221
3271,TRAIN/DR5/MWSH0/SA2.WAV.wav,TRAIN/DR5/MWSH0/SA2.PHN,33,125296,125263
3272,TRAIN/DR5/MWSH0/SI1426.WAV.wav,TRAIN/DR5/MWSH0/SI1426.PHN,64,125360,125296
3273,TRAIN/DR5/MWSH0/SI2266.WAV.wav,TRAIN/DR5/MWSH0/SI2266.PHN,24,125384,125360
3274,TRAIN/DR5/MWSH0/SI796.WAV.wav,TRAIN/DR5/MWSH0/SI796.PHN,51,125435,125384
3275,TRAIN/DR5/MWSH0/SX166.WAV.wav,TRAIN/DR5/MWSH0/SX166.PHN,57,125492,125435
3276,TRAIN/DR5/MWSH0/SX256.WAV.wav,TRAIN/DR5/MWSH0/SX256.PHN,34,125526,125492
3277,TRAIN/DR5/MWSH0/SX346.WAV.wav,TRAIN/DR5/MWSH0/SX346.PHN,44,125570,125526
3278,TRAIN/DR5/MWSH0/SX436.WAV.wav,TRAIN/DR5/MWSH0/SX436.PHN,24,125594,125570
3279,TRAIN/DR5/MWSH0/SX76.WAV.wav,TRAIN/DR5/MWSH0/SX76.PHN,42,125636,125594
3280,TRAIN/DR6/FAPB0/SA1.WAV.wav,TRAIN/DR6/FAPB0/SA1.PHN,39,125675,125636
3281,TRAIN/DR6/FAPB0/SA2.WAV.wav,TRAIN/DR6/FAPB0/SA2.PHN,35,125710,125675
3282,TRAIN/DR6/FAPB0/SI1063.WAV.wav,TRAIN/DR6/FAPB0/SI1063.PHN,45,125755,125710
3283,TRAIN/DR6/FAPB0/SI1693.WAV.wav,TRAIN/DR6/FAPB0/SI1693.PHN,26,125781,125755
3284,TRAIN/DR6/FAPB0/SI2323.WAV.wav,TRAIN/DR6/FAPB0/SI2323.PHN,64,125845,125781
3285,TRAIN/DR6/FAPB0/SX163.WAV.wav,TRAIN/DR6/FAPB0/SX163.PHN,40,125885,125845
3286,TRAIN/DR6/FAPB0/SX253.WAV.wav,TRAIN/DR6/FAPB0/SX253.PHN,30,125915,125885
3287,TRAIN/DR6/FAPB0/SX343.WAV.wav,TRAIN/DR6/FAPB0/SX343.PHN,46,125961,125915
3288,TRAIN/DR6/FAPB0/SX433.WAV.wav,TRAIN/DR6/FAPB0/SX433.PHN,48,126009,125961
3289,TRAIN/DR6/FAPB0/SX73.WAV.wav,TRAIN/DR6/FAPB0/SX73.PHN,41,126050,126009
3290,TRAIN/DR6/FBCH0/SA1.WAV.wav,TRAIN/DR6/FBCH0/SA1.PHN,40,126090,126050
3291,TRAIN/DR6/FBCH0/SA2.WAV.wav,TRAIN/DR6/FBCH0/SA2.PHN,35,126125,126090
3292,TRAIN/DR6/FBCH0/SI1586.WAV.wav,TRAIN/DR6/FBCH0/SI1586.PHN,39,126164,126125
3293,TRAIN/DR6/FBCH0/SI956.WAV.wav,TRAIN/DR6/FBCH0/SI956.PHN,39,126203,126164
3294,TRAIN/DR6/FBCH0/SI959.WAV.wav,TRAIN/DR6/FBCH0/SI959.PHN,58,126261,126203
3295,TRAIN/DR6/FBCH0/SX146.WAV.wav,TRAIN/DR6/FBCH0/SX146.PHN,33,126294,126261
3296,TRAIN/DR6/FBCH0/SX236.WAV.wav,TRAIN/DR6/FBCH0/SX236.PHN,33,126327,126294
3297,TRAIN/DR6/FBCH0/SX326.WAV.wav,TRAIN/DR6/FBCH0/SX326.PHN,31,126358,126327
3298,TRAIN/DR6/FBCH0/SX416.WAV.wav,TRAIN/DR6/FBCH0/SX416.PHN,29,126387,126358
3299,TRAIN/DR6/FBCH0/SX56.WAV.wav,TRAIN/DR6/FBCH0/SX56.PHN,45,126432,126387
3300,TRAIN/DR6/FHXS0/SA1.WAV.wav,TRAIN/DR6/FHXS0/SA1.PHN,43,126475,126432
3301,TRAIN/DR6/FHXS0/SA2.WAV.wav,TRAIN/DR6/FHXS0/SA2.PHN,34,126509,126475
3302,TRAIN/DR6/FHXS0/SI1075.WAV.wav,TRAIN/DR6/FHXS0/SI1075.PHN,39,126548,126509
3303,TRAIN/DR6/FHXS0/SI2302.WAV.wav,TRAIN/DR6/FHXS0/SI2302.PHN,65,126613,126548
3304,TRAIN/DR6/FHXS0/SI2335.WAV.wav,TRAIN/DR6/FHXS0/SI2335.PHN,27,126640,126613
3305,TRAIN/DR6/FHXS0/SX175.WAV.wav,TRAIN/DR6/FHXS0/SX175.PHN,59,126699,126640
3306,TRAIN/DR6/FHXS0/SX265.WAV.wav,TRAIN/DR6/FHXS0/SX265.PHN,36,126735,126699
3307,TRAIN/DR6/FHXS0/SX355.WAV.wav,TRAIN/DR6/FHXS0/SX355.PHN,36,126771,126735
3308,TRAIN/DR6/FHXS0/SX445.WAV.wav,TRAIN/DR6/FHXS0/SX445.PHN,32,126803,126771
3309,TRAIN/DR6/FHXS0/SX85.WAV.wav,TRAIN/DR6/FHXS0/SX85.PHN,36,126839,126803
3310,TRAIN/DR6/FJDM2/SA1.WAV.wav,TRAIN/DR6/FJDM2/SA1.PHN,40,126879,126839
3311,TRAIN/DR6/FJDM2/SA2.WAV.wav,TRAIN/DR6/FJDM2/SA2.PHN,37,126916,126879
3312,TRAIN/DR6/FJDM2/SI1582.WAV.wav,TRAIN/DR6/FJDM2/SI1582.PHN,31,126947,126916
3313,TRAIN/DR6/FJDM2/SI1964.WAV.wav,TRAIN/DR6/FJDM2/SI1964.PHN,40,126987,126947
3314,TRAIN/DR6/FJDM2/SI2212.WAV.wav,TRAIN/DR6/FJDM2/SI2212.PHN,31,127018,126987
3315,TRAIN/DR6/FJDM2/SX142.WAV.wav,TRAIN/DR6/FJDM2/SX142.PHN,42,127060,127018
3316,TRAIN/DR6/FJDM2/SX232.WAV.wav,TRAIN/DR6/FJDM2/SX232.PHN,46,127106,127060
3317,TRAIN/DR6/FJDM2/SX322.WAV.wav,TRAIN/DR6/FJDM2/SX322.PHN,34,127140,127106
3318,TRAIN/DR6/FJDM2/SX412.WAV.wav,TRAIN/DR6/FJDM2/SX412.PHN,46,127186,127140
3319,TRAIN/DR6/FJDM2/SX52.WAV.wav,TRAIN/DR6/FJDM2/SX52.PHN,44,127230,127186
3320,TRAIN/DR6/FKLC1/SA1.WAV.wav,TRAIN/DR6/FKLC1/SA1.PHN,39,127269,127230
3321,TRAIN/DR6/FKLC1/SA2.WAV.wav,TRAIN/DR6/FKLC1/SA2.PHN,33,127302,127269
3322,TRAIN/DR6/FKLC1/SI1048.WAV.wav,TRAIN/DR6/FKLC1/SI1048.PHN,60,127362,127302
3323,TRAIN/DR6/FKLC1/SI1678.WAV.wav,TRAIN/DR6/FKLC1/SI1678.PHN,14,127376,127362
3324,TRAIN/DR6/FKLC1/SI2308.WAV.wav,TRAIN/DR6/FKLC1/SI2308.PHN,26,127402,127376
3325,TRAIN/DR6/FKLC1/SX148.WAV.wav,TRAIN/DR6/FKLC1/SX148.PHN,40,127442,127402
3326,TRAIN/DR6/FKLC1/SX238.WAV.wav,TRAIN/DR6/FKLC1/SX238.PHN,40,127482,127442
3327,TRAIN/DR6/FKLC1/SX328.WAV.wav,TRAIN/DR6/FKLC1/SX328.PHN,46,127528,127482
3328,TRAIN/DR6/FKLC1/SX418.WAV.wav,TRAIN/DR6/FKLC1/SX418.PHN,42,127570,127528
3329,TRAIN/DR6/FKLC1/SX58.WAV.wav,TRAIN/DR6/FKLC1/SX58.PHN,57,127627,127570
3330,TRAIN/DR6/FLAG0/SA1.WAV.wav,TRAIN/DR6/FLAG0/SA1.PHN,40,127667,127627
3331,TRAIN/DR6/FLAG0/SA2.WAV.wav,TRAIN/DR6/FLAG0/SA2.PHN,33,127700,127667
3332,TRAIN/DR6/FLAG0/SI1464.WAV.wav,TRAIN/DR6/FLAG0/SI1464.PHN,66,127766,127700
3333,TRAIN/DR6/FLAG0/SI2094.WAV.wav,TRAIN/DR6/FLAG0/SI2094.PHN,19,127785,127766
3334,TRAIN/DR6/FLAG0/SI834.WAV.wav,TRAIN/DR6/FLAG0/SI834.PHN,71,127856,127785
3335,TRAIN/DR6/FLAG0/SX114.WAV.wav,TRAIN/DR6/FLAG0/SX114.PHN,39,127895,127856
3336,TRAIN/DR6/FLAG0/SX204.WAV.wav,TRAIN/DR6/FLAG0/SX204.PHN,34,127929,127895
3337,TRAIN/DR6/FLAG0/SX24.WAV.wav,TRAIN/DR6/FLAG0/SX24.PHN,21,127950,127929
3338,TRAIN/DR6/FLAG0/SX294.WAV.wav,TRAIN/DR6/FLAG0/SX294.PHN,29,127979,127950
3339,TRAIN/DR6/FLAG0/SX384.WAV.wav,TRAIN/DR6/FLAG0/SX384.PHN,25,128004,127979
3340,TRAIN/DR6/FMJU0/SA1.WAV.wav,TRAIN/DR6/FMJU0/SA1.PHN,41,128045,128004
3341,TRAIN/DR6/FMJU0/SA2.WAV.wav,TRAIN/DR6/FMJU0/SA2.PHN,35,128080,128045
3342,TRAIN/DR6/FMJU0/SI1389.WAV.wav,TRAIN/DR6/FMJU0/SI1389.PHN,67,128147,128080
3343,TRAIN/DR6/FMJU0/SI2019.WAV.wav,TRAIN/DR6/FMJU0/SI2019.PHN,20,128167,128147
3344,TRAIN/DR6/FMJU0/SI759.WAV.wav,TRAIN/DR6/FMJU0/SI759.PHN,35,128202,128167
3345,TRAIN/DR6/FMJU0/SX129.WAV.wav,TRAIN/DR6/FMJU0/SX129.PHN,30,128232,128202
3346,TRAIN/DR6/FMJU0/SX219.WAV.wav,TRAIN/DR6/FMJU0/SX219.PHN,42,128274,128232
3347,TRAIN/DR6/FMJU0/SX309.WAV.wav,TRAIN/DR6/FMJU0/SX309.PHN,44,128318,128274
3348,TRAIN/DR6/FMJU0/SX39.WAV.wav,TRAIN/DR6/FMJU0/SX39.PHN,43,128361,128318
3349,TRAIN/DR6/FMJU0/SX399.WAV.wav,TRAIN/DR6/FMJU0/SX399.PHN,32,128393,128361
3350,TRAIN/DR6/FPAD0/SA1.WAV.wav,TRAIN/DR6/FPAD0/SA1.PHN,41,128434,128393
3351,TRAIN/DR6/FPAD0/SA2.WAV.wav,TRAIN/DR6/FPAD0/SA2.PHN,36,128470,128434
3352,TRAIN/DR6/FPAD0/SI1346.WAV.wav,TRAIN/DR6/FPAD0/SI1346.PHN,40,128510,128470
3353,TRAIN/DR6/FPAD0/SI1976.WAV.wav,TRAIN/DR6/FPAD0/SI1976.PHN,26,128536,128510
3354,TRAIN/DR6/FPAD0/SI716.WAV.wav,TRAIN/DR6/FPAD0/SI716.PHN,63,128599,128536
3355,TRAIN/DR6/FPAD0/SX176.WAV.wav,TRAIN/DR6/FPAD0/SX176.PHN,52,128651,128599
3356,TRAIN/DR6/FPAD0/SX266.WAV.wav,TRAIN/DR6/FPAD0/SX266.PHN,34,128685,128651
3357,TRAIN/DR6/FPAD0/SX356.WAV.wav,TRAIN/DR6/FPAD0/SX356.PHN,36,128721,128685
3358,TRAIN/DR6/FPAD0/SX446.WAV.wav,TRAIN/DR6/FPAD0/SX446.PHN,43,128764,128721
3359,TRAIN/DR6/FPAD0/SX86.WAV.wav,TRAIN/DR6/FPAD0/SX86.PHN,32,128796,128764
3360,TRAIN/DR6/FRJB0/SA1.WAV.wav,TRAIN/DR6/FRJB0/SA1.PHN,39,128835,128796
3361,TRAIN/DR6/FRJB0/SA2.WAV.wav,TRAIN/DR6/FRJB0/SA2.PHN,31,128866,128835
3362,TRAIN/DR6/FRJB0/SI1427.WAV.wav,TRAIN/DR6/FRJB0/SI1427.PHN,42,128908,128866
3363,TRAIN/DR6/FRJB0/SI1470.WAV.wav,TRAIN/DR6/FRJB0/SI1470.PHN,19,128927,128908
3364,TRAIN/DR6/FRJB0/SI1794.WAV.wav,TRAIN/DR6/FRJB0/SI1794.PHN,17,128944,128927
3365,TRAIN/DR6/FRJB0/SX167.WAV.wav,TRAIN/DR6/FRJB0/SX167.PHN,53,128997,128944
3366,TRAIN/DR6/FRJB0/SX257.WAV.wav,TRAIN/DR6/FRJB0/SX257.PHN,26,129023,128997
3367,TRAIN/DR6/FRJB0/SX347.WAV.wav,TRAIN/DR6/FRJB0/SX347.PHN,58,129081,129023
3368,TRAIN/DR6/FRJB0/SX437.WAV.wav,TRAIN/DR6/FRJB0/SX437.PHN,50,129131,129081
3369,TRAIN/DR6/FRJB0/SX77.WAV.wav,TRAIN/DR6/FRJB0/SX77.PHN,44,129175,129131
3370,TRAIN/DR6/FSBK0/SA1.WAV.wav,TRAIN/DR6/FSBK0/SA1.PHN,39,129214,129175
3371,TRAIN/DR6/FSBK0/SA2.WAV.wav,TRAIN/DR6/FSBK0/SA2.PHN,31,129245,129214
3372,TRAIN/DR6/FSBK0/SI1069.WAV.wav,TRAIN/DR6/FSBK0/SI1069.PHN,53,129298,129245
3373,TRAIN/DR6/FSBK0/SI1699.WAV.wav,TRAIN/DR6/FSBK0/SI1699.PHN,17,129315,129298
3374,TRAIN/DR6/FSBK0/SI2329.WAV.wav,TRAIN/DR6/FSBK0/SI2329.PHN,23,129338,129315
3375,TRAIN/DR6/FSBK0/SX169.WAV.wav,TRAIN/DR6/FSBK0/SX169.PHN,45,129383,129338
3376,TRAIN/DR6/FSBK0/SX259.WAV.wav,TRAIN/DR6/FSBK0/SX259.PHN,37,129420,129383
3377,TRAIN/DR6/FSBK0/SX349.WAV.wav,TRAIN/DR6/FSBK0/SX349.PHN,62,129482,129420
3378,TRAIN/DR6/FSBK0/SX439.WAV.wav,TRAIN/DR6/FSBK0/SX439.PHN,45,129527,129482
3379,TRAIN/DR6/FSBK0/SX79.WAV.wav,TRAIN/DR6/FSBK0/SX79.PHN,44,129571,129527
3380,TRAIN/DR6/FSDJ0/SA1.WAV.wav,TRAIN/DR6/FSDJ0/SA1.PHN,38,129609,129571
3381,TRAIN/DR6/FSDJ0/SA2.WAV.wav,TRAIN/DR6/FSDJ0/SA2.PHN,34,129643,129609
3382,TRAIN/DR6/FSDJ0/SI1115.WAV.wav,TRAIN/DR6/FSDJ0/SI1115.PHN,54,129697,129643
3383,TRAIN/DR6/FSDJ0/SI1745.WAV.wav,TRAIN/DR6/FSDJ0/SI1745.PHN,33,129730,129697
3384,TRAIN/DR6/FSDJ0/SI485.WAV.wav,TRAIN/DR6/FSDJ0/SI485.PHN,27,129757,129730
3385,TRAIN/DR6/FSDJ0/SX125.WAV.wav,TRAIN/DR6/FSDJ0/SX125.PHN,29,129786,129757
3386,TRAIN/DR6/FSDJ0/SX215.WAV.wav,TRAIN/DR6/FSDJ0/SX215.PHN,40,129826,129786
3387,TRAIN/DR6/FSDJ0/SX305.WAV.wav,TRAIN/DR6/FSDJ0/SX305.PHN,30,129856,129826
3388,TRAIN/DR6/FSDJ0/SX35.WAV.wav,TRAIN/DR6/FSDJ0/SX35.PHN,29,129885,129856
3389,TRAIN/DR6/FSDJ0/SX395.WAV.wav,TRAIN/DR6/FSDJ0/SX395.PHN,37,129922,129885
3390,TRAIN/DR6/FSGF0/SA1.WAV.wav,TRAIN/DR6/FSGF0/SA1.PHN,42,129964,129922
3391,TRAIN/DR6/FSGF0/SA2.WAV.wav,TRAIN/DR6/FSGF0/SA2.PHN,34,129998,129964
3392,TRAIN/DR6/FSGF0/SI1557.WAV.wav,TRAIN/DR6/FSGF0/SI1557.PHN,31,130029,129998
3393,TRAIN/DR6/FSGF0/SI2187.WAV.wav,TRAIN/DR6/FSGF0/SI2187.PHN,48,130077,130029
3394,TRAIN/DR6/FSGF0/SI927.WAV.wav,TRAIN/DR6/FSGF0/SI927.PHN,63,130140,130077
3395,TRAIN/DR6/FSGF0/SX117.WAV.wav,TRAIN/DR6/FSGF0/SX117.PHN,31,130171,130140
3396,TRAIN/DR6/FSGF0/SX207.WAV.wav,TRAIN/DR6/FSGF0/SX207.PHN,25,130196,130171
3397,TRAIN/DR6/FSGF0/SX27.WAV.wav,TRAIN/DR6/FSGF0/SX27.PHN,26,130222,130196
3398,TRAIN/DR6/FSGF0/SX297.WAV.wav,TRAIN/DR6/FSGF0/SX297.PHN,31,130253,130222
3399,TRAIN/DR6/FSGF0/SX387.WAV.wav,TRAIN/DR6/FSGF0/SX387.PHN,39,130292,130253
3400,TRAIN/DR6/FTAJ0/SA1.WAV.wav,TRAIN/DR6/FTAJ0/SA1.PHN,39,130331,130292
3401,TRAIN/DR6/FTAJ0/SA2.WAV.wav,TRAIN/DR6/FTAJ0/SA2.PHN,32,130363,130331
3402,TRAIN/DR6/FTAJ0/SI1329.WAV.wav,TRAIN/DR6/FTAJ0/SI1329.PHN,33,130396,130363
3403,TRAIN/DR6/FTAJ0/SI474.WAV.wav,TRAIN/DR6/FTAJ0/SI474.PHN,31,130427,130396
3404,TRAIN/DR6/FTAJ0/SI699.WAV.wav,TRAIN/DR6/FTAJ0/SI699.PHN,52,130479,130427
3405,TRAIN/DR6/FTAJ0/SX159.WAV.wav,TRAIN/DR6/FTAJ0/SX159.PHN,37,130516,130479
3406,TRAIN/DR6/FTAJ0/SX249.WAV.wav,TRAIN/DR6/FTAJ0/SX249.PHN,28,130544,130516
3407,TRAIN/DR6/FTAJ0/SX339.WAV.wav,TRAIN/DR6/FTAJ0/SX339.PHN,32,130576,130544
3408,TRAIN/DR6/FTAJ0/SX429.WAV.wav,TRAIN/DR6/FTAJ0/SX429.PHN,38,130614,130576
3409,TRAIN/DR6/FTAJ0/SX69.WAV.wav,TRAIN/DR6/FTAJ0/SX69.PHN,36,130650,130614
3410,TRAIN/DR6/MABC0/SA1.WAV.wav,TRAIN/DR6/MABC0/SA1.PHN,37,130687,130650
3411,TRAIN/DR6/MABC0/SA2.WAV.wav,TRAIN/DR6/MABC0/SA2.PHN,32,130719,130687
3412,TRAIN/DR6/MABC0/SI1620.WAV.wav,TRAIN/DR6/MABC0/SI1620.PHN,16,130735,130719
3413,TRAIN/DR6/MABC0/SI2041.WAV.wav,TRAIN/DR6/MABC0/SI2041.PHN,42,130777,130735
3414,TRAIN/DR6/MABC0/SI781.WAV.wav,TRAIN/DR6/MABC0/SI781.PHN,50,130827,130777
3415,TRAIN/DR6/MABC0/SX151.WAV.wav,TRAIN/DR6/MABC0/SX151.PHN,44,130871,130827
3416,TRAIN/DR6/MABC0/SX241.WAV.wav,TRAIN/DR6/MABC0/SX241.PHN,29,130900,130871
3417,TRAIN/DR6/MABC0/SX331.WAV.wav,TRAIN/DR6/MABC0/SX331.PHN,32,130932,130900
3418,TRAIN/DR6/MABC0/SX421.WAV.wav,TRAIN/DR6/MABC0/SX421.PHN,36,130968,130932
3419,TRAIN/DR6/MABC0/SX61.WAV.wav,TRAIN/DR6/MABC0/SX61.PHN,36,131004,130968
3420,TRAIN/DR6/MAJP0/SA1.WAV.wav,TRAIN/DR6/MAJP0/SA1.PHN,40,131044,131004
3421,TRAIN/DR6/MAJP0/SA2.WAV.wav,TRAIN/DR6/MAJP0/SA2.PHN,32,131076,131044
3422,TRAIN/DR6/MAJP0/SI1074.WAV.wav,TRAIN/DR6/MAJP0/SI1074.PHN,32,131108,131076
3423,TRAIN/DR6/MAJP0/SI1704.WAV.wav,TRAIN/DR6/MAJP0/SI1704.PHN,34,131142,131108
3424,TRAIN/DR6/MAJP0/SI2334.WAV.wav,TRAIN/DR6/MAJP0/SI2334.PHN,42,131184,131142
3425,TRAIN/DR6/MAJP0/SX174.WAV.wav,TRAIN/DR6/MAJP0/SX174.PHN,56,131240,131184
3426,TRAIN/DR6/MAJP0/SX264.WAV.wav,TRAIN/DR6/MAJP0/SX264.PHN,33,131273,131240
3427,TRAIN/DR6/MAJP0/SX354.WAV.wav,TRAIN/DR6/MAJP0/SX354.PHN,37,131310,131273
3428,TRAIN/DR6/MAJP0/SX444.WAV.wav,TRAIN/DR6/MAJP0/SX444.PHN,40,131350,131310
3429,TRAIN/DR6/MAJP0/SX84.WAV.wav,TRAIN/DR6/MAJP0/SX84.PHN,50,131400,131350
3430,TRAIN/DR6/MBMA1/SA1.WAV.wav,TRAIN/DR6/MBMA1/SA1.PHN,41,131441,131400
3431,TRAIN/DR6/MBMA1/SA2.WAV.wav,TRAIN/DR6/MBMA1/SA2.PHN,33,131474,131441
3432,TRAIN/DR6/MBMA1/SI2207.WAV.wav,TRAIN/DR6/MBMA1/SI2207.PHN,16,131490,131474
3433,TRAIN/DR6/MBMA1/SI2214.WAV.wav,TRAIN/DR6/MBMA1/SI2214.PHN,35,131525,131490
3434,TRAIN/DR6/MBMA1/SI954.WAV.wav,TRAIN/DR6/MBMA1/SI954.PHN,49,131574,131525
3435,TRAIN/DR6/MBMA1/SX144.WAV.wav,TRAIN/DR6/MBMA1/SX144.PHN,32,131606,131574
3436,TRAIN/DR6/MBMA1/SX234.WAV.wav,TRAIN/DR6/MBMA1/SX234.PHN,34,131640,131606
3437,TRAIN/DR6/MBMA1/SX324.WAV.wav,TRAIN/DR6/MBMA1/SX324.PHN,61,131701,131640
3438,TRAIN/DR6/MBMA1/SX414.WAV.wav,TRAIN/DR6/MBMA1/SX414.PHN,42,131743,131701
3439,TRAIN/DR6/MBMA1/SX54.WAV.wav,TRAIN/DR6/MBMA1/SX54.PHN,46,131789,131743
3440,TRAIN/DR6/MCAE0/SA1.WAV.wav,TRAIN/DR6/MCAE0/SA1.PHN,41,131830,131789
3441,TRAIN/DR6/MCAE0/SA2.WAV.wav,TRAIN/DR6/MCAE0/SA2.PHN,37,131867,131830
3442,TRAIN/DR6/MCAE0/SI1447.WAV.wav,TRAIN/DR6/MCAE0/SI1447.PHN,63,131930,131867
3443,TRAIN/DR6/MCAE0/SI2077.WAV.wav,TRAIN/DR6/MCAE0/SI2077.PHN,45,131975,131930
3444,TRAIN/DR6/MCAE0/SI817.WAV.wav,TRAIN/DR6/MCAE0/SI817.PHN,38,132013,131975
3445,TRAIN/DR6/MCAE0/SX187.WAV.wav,TRAIN/DR6/MCAE0/SX187.PHN,24,132037,132013
3446,TRAIN/DR6/MCAE0/SX277.WAV.wav,TRAIN/DR6/MCAE0/SX277.PHN,26,132063,132037
3447,TRAIN/DR6/MCAE0/SX367.WAV.wav,TRAIN/DR6/MCAE0/SX367.PHN,35,132098,132063
3448,TRAIN/DR6/MCAE0/SX7.WAV.wav,TRAIN/DR6/MCAE0/SX7.PHN,33,132131,132098
3449,TRAIN/DR6/MCAE0/SX97.WAV.wav,TRAIN/DR6/MCAE0/SX97.PHN,32,132163,132131
3450,TRAIN/DR6/MDRD0/SA1.WAV.wav,TRAIN/DR6/MDRD0/SA1.PHN,39,132202,132163
3451,TRAIN/DR6/MDRD0/SA2.WAV.wav,TRAIN/DR6/MDRD0/SA2.PHN,35,132237,132202
3452,TRAIN/DR6/MDRD0/SI1382.WAV.wav,TRAIN/DR6/MDRD0/SI1382.PHN,27,132264,132237
3453,TRAIN/DR6/MDRD0/SI2012.WAV.wav,TRAIN/DR6/MDRD0/SI2012.PHN,29,132293,132264
3454,TRAIN/DR6/MDRD0/SI752.WAV.wav,TRAIN/DR6/MDRD0/SI752.PHN,62,132355,132293
3455,TRAIN/DR6/MDRD0/SX122.WAV.wav,TRAIN/DR6/MDRD0/SX122.PHN,47,132402,132355
3456,TRAIN/DR6/MDRD0/SX212.WAV.wav,TRAIN/DR6/MDRD0/SX212.PHN,46,132448,132402
3457,TRAIN/DR6/MDRD0/SX302.WAV.wav,TRAIN/DR6/MDRD0/SX302.PHN,30,132478,132448
3458,TRAIN/DR6/MDRD0/SX32.WAV.wav,TRAIN/DR6/MDRD0/SX32.PHN,37,132515,132478
3459,TRAIN/DR6/MDRD0/SX392.WAV.wav,TRAIN/DR6/MDRD0/SX392.PHN,42,132557,132515
3460,TRAIN/DR6/MEAL0/SA1.WAV.wav,TRAIN/DR6/MEAL0/SA1.PHN,40,132597,132557
3461,TRAIN/DR6/MEAL0/SA2.WAV.wav,TRAIN/DR6/MEAL0/SA2.PHN,32,132629,132597
3462,TRAIN/DR6/MEAL0/SI1547.WAV.wav,TRAIN/DR6/MEAL0/SI1547.PHN,29,132658,132629
3463,TRAIN/DR6/MEAL0/SI2177.WAV.wav,TRAIN/DR6/MEAL0/SI2177.PHN,35,132693,132658
3464,TRAIN/DR6/MEAL0/SI917.WAV.wav,TRAIN/DR6/MEAL0/SI917.PHN,33,132726,132693
3465,TRAIN/DR6/MEAL0/SX107.WAV.wav,TRAIN/DR6/MEAL0/SX107.PHN,36,132762,132726
3466,TRAIN/DR6/MEAL0/SX197.WAV.wav,TRAIN/DR6/MEAL0/SX197.PHN,25,132787,132762
3467,TRAIN/DR6/MEAL0/SX287.WAV.wav,TRAIN/DR6/MEAL0/SX287.PHN,36,132823,132787
3468,TRAIN/DR6/MEAL0/SX347.WAV.wav,TRAIN/DR6/MEAL0/SX347.PHN,56,132879,132823
3469,TRAIN/DR6/MEAL0/SX377.WAV.wav,TRAIN/DR6/MEAL0/SX377.PHN,40,132919,132879
3470,TRAIN/DR6/MEJL0/SA1.WAV.wav,TRAIN/DR6/MEJL0/SA1.PHN,38,132957,132919
3471,TRAIN/DR6/MEJL0/SA2.WAV.wav,TRAIN/DR6/MEJL0/SA2.PHN,31,132988,132957
3472,TRAIN/DR6/MEJL0/SI1592.WAV.wav,TRAIN/DR6/MEJL0/SI1592.PHN,39,133027,132988
3473,TRAIN/DR6/MEJL0/SI1654.WAV.wav,TRAIN/DR6/MEJL0/SI1654.PHN,23,133050,133027
3474,TRAIN/DR6/MEJL0/SI962.WAV.wav,TRAIN/DR6/MEJL0/SI962.PHN,44,133094,133050
3475,TRAIN/DR6/MEJL0/SX152.WAV.wav,TRAIN/DR6/MEJL0/SX152.PHN,40,133134,133094
3476,TRAIN/DR6/MEJL0/SX242.WAV.wav,TRAIN/DR6/MEJL0/SX242.PHN,32,133166,133134
3477,TRAIN/DR6/MEJL0/SX332.WAV.wav,TRAIN/DR6/MEJL0/SX332.PHN,42,133208,133166
3478,TRAIN/DR6/MEJL0/SX422.WAV.wav,TRAIN/DR6/MEJL0/SX422.PHN,42,133250,133208
3479,TRAIN/DR6/MEJL0/SX62.WAV.wav,TRAIN/DR6/MEJL0/SX62.PHN,45,133295,133250
3480,TRAIN/DR6/MESJ0/SA1.WAV.wav,TRAIN/DR6/MESJ0/SA1.PHN,41,133336,133295
3481,TRAIN/DR6/MESJ0/SA2.WAV.wav,TRAIN/DR6/MESJ0/SA2.PHN,32,133368,133336
3482,TRAIN/DR6/MESJ0/SI2039.WAV.wav,TRAIN/DR6/MESJ0/SI2039.PHN,54,133422,133368
3483,TRAIN/DR6/MESJ0/SI2257.WAV.wav,TRAIN/DR6/MESJ0/SI2257.PHN,33,133455,133422
3484,TRAIN/DR6/MESJ0/SI997.WAV.wav,TRAIN/DR6/MESJ0/SI997.PHN,55,133510,133455
3485,TRAIN/DR6/MESJ0/SX187.WAV.wav,TRAIN/DR6/MESJ0/SX187.PHN,23,133533,133510
3486,TRAIN/DR6/MESJ0/SX277.WAV.wav,TRAIN/DR6/MESJ0/SX277.PHN,25,133558,133533
3487,TRAIN/DR6/MESJ0/SX367.WAV.wav,TRAIN/DR6/MESJ0/SX367.PHN,34,133592,133558
3488,TRAIN/DR6/MESJ0/SX7.WAV.wav,TRAIN/DR6/MESJ0/SX7.PHN,30,133622,133592
3489,TRAIN/DR6/MESJ0/SX97.WAV.wav,TRAIN/DR6/MESJ0/SX97.PHN,30,133652,133622
3490,TRAIN/DR6/MJRK0/SA1.WAV.wav,TRAIN/DR6/MJRK0/SA1.PHN,41,133693,133652
3491,TRAIN/DR6/MJRK0/SA2.WAV.wav,TRAIN/DR6/MJRK0/SA2.PHN,34,133727,133693
3492,TRAIN/DR6/MJRK0/SI1662.WAV.wav,TRAIN/DR6/MJRK0/SI1662.PHN,20,133747,133727
3493,TRAIN/DR6/MJRK0/SI2103.WAV.wav,TRAIN/DR6/MJRK0/SI2103.PHN,17,133764,133747
3494,TRAIN/DR6/MJRK0/SI880.WAV.wav,TRAIN/DR6/MJRK0/SI880.PHN,55,133819,133764
3495,TRAIN/DR6/MJRK0/SX160.WAV.wav,TRAIN/DR6/MJRK0/SX160.PHN,46,133865,133819
3496,TRAIN/DR6/MJRK0/SX250.WAV.wav,TRAIN/DR6/MJRK0/SX250.PHN,40,133905,133865
3497,TRAIN/DR6/MJRK0/SX340.WAV.wav,TRAIN/DR6/MJRK0/SX340.PHN,32,133937,133905
3498,TRAIN/DR6/MJRK0/SX430.WAV.wav,TRAIN/DR6/MJRK0/SX430.PHN,48,133985,133937
3499,TRAIN/DR6/MJRK0/SX70.WAV.wav,TRAIN/DR6/MJRK0/SX70.PHN,15,134000,133985
3500,TRAIN/DR6/MKES0/SA1.WAV.wav,TRAIN/DR6/MKES0/SA1.PHN,41,134041,134000
3501,TRAIN/DR6/MKES0/SA2.WAV.wav,TRAIN/DR6/MKES0/SA2.PHN,34,134075,134041
3502,TRAIN/DR6/MKES0/SI1253.WAV.wav,TRAIN/DR6/MKES0/SI1253.PHN,43,134118,134075
3503,TRAIN/DR6/MKES0/SI1883.WAV.wav,TRAIN/DR6/MKES0/SI1883.PHN,40,134158,134118
3504,TRAIN/DR6/MKES0/SI623.WAV.wav,TRAIN/DR6/MKES0/SI623.PHN,54,134212,134158
3505,TRAIN/DR6/MKES0/SX173.WAV.wav,TRAIN/DR6/MKES0/SX173.PHN,48,134260,134212
3506,TRAIN/DR6/MKES0/SX263.WAV.wav,TRAIN/DR6/MKES0/SX263.PHN,30,134290,134260
3507,TRAIN/DR6/MKES0/SX353.WAV.wav,TRAIN/DR6/MKES0/SX353.PHN,34,134324,134290
3508,TRAIN/DR6/MKES0/SX443.WAV.wav,TRAIN/DR6/MKES0/SX443.PHN,32,134356,134324
3509,TRAIN/DR6/MKES0/SX83.WAV.wav,TRAIN/DR6/MKES0/SX83.PHN,39,134395,134356
3510,TRAIN/DR6/MKLN0/SA1.WAV.wav,TRAIN/DR6/MKLN0/SA1.PHN,40,134435,134395
3511,TRAIN/DR6/MKLN0/SA2.WAV.wav,TRAIN/DR6/MKLN0/SA2.PHN,34,134469,134435
3512,TRAIN/DR6/MKLN0/SI1598.WAV.wav,TRAIN/DR6/MKLN0/SI1598.PHN,48,134517,134469
3513,TRAIN/DR6/MKLN0/SI2228.WAV.wav,TRAIN/DR6/MKLN0/SI2228.PHN,30,134547,134517
3514,TRAIN/DR6/MKLN0/SI968.WAV.wav,TRAIN/DR6/MKLN0/SI968.PHN,49,134596,134547
3515,TRAIN/DR6/MKLN0/SX158.WAV.wav,TRAIN/DR6/MKLN0/SX158.PHN,30,134626,134596
3516,TRAIN/DR6/MKLN0/SX248.WAV.wav,TRAIN/DR6/MKLN0/SX248.PHN,29,134655,134626
3517,TRAIN/DR6/MKLN0/SX338.WAV.wav,TRAIN/DR6/MKLN0/SX338.PHN,37,134692,134655
3518,TRAIN/DR6/MKLN0/SX428.WAV.wav,TRAIN/DR6/MKLN0/SX428.PHN,45,134737,134692
3519,TRAIN/DR6/MKLN0/SX68.WAV.wav,TRAIN/DR6/MKLN0/SX68.PHN,34,134771,134737
3520,TRAIN/DR6/MMDB0/SA1.WAV.wav,TRAIN/DR6/MMDB0/SA1.PHN,38,134809,134771
3521,TRAIN/DR6/MMDB0/SA2.WAV.wav,TRAIN/DR6/MMDB0/SA2.PHN,31,134840,134809
3522,TRAIN/DR6/MMDB0/SI1358.WAV.wav,TRAIN/DR6/MMDB0/SI1358.PHN,60,134900,134840
3523,TRAIN/DR6/MMDB0/SI1617.WAV.wav,TRAIN/DR6/MMDB0/SI1617.PHN,22,134922,134900
3524,TRAIN/DR6/MMDB0/SI987.WAV.wav,TRAIN/DR6/MMDB0/SI987.PHN,64,134986,134922
3525,TRAIN/DR6/MMDB0/SX177.WAV.wav,TRAIN/DR6/MMDB0/SX177.PHN,26,135012,134986
3526,TRAIN/DR6/MMDB0/SX267.WAV.wav,TRAIN/DR6/MMDB0/SX267.PHN,37,135049,135012
3527,TRAIN/DR6/MMDB0/SX357.WAV.wav,TRAIN/DR6/MMDB0/SX357.PHN,38,135087,135049
3528,TRAIN/DR6/MMDB0/SX447.WAV.wav,TRAIN/DR6/MMDB0/SX447.PHN,26,135113,135087
3529,TRAIN/DR6/MMDB0/SX87.WAV.wav,TRAIN/DR6/MMDB0/SX87.PHN,34,135147,135113
3530,TRAIN/DR6/MPGR1/SA1.WAV.wav,TRAIN/DR6/MPGR1/SA1.PHN,39,135186,135147
3531,TRAIN/DR6/MPGR1/SA2.WAV.wav,TRAIN/DR6/MPGR1/SA2.PHN,32,135218,135186
3532,TRAIN/DR6/MPGR1/SI1269.WAV.wav,TRAIN/DR6/MPGR1/SI1269.PHN,20,135238,135218
3533,TRAIN/DR6/MPGR1/SI1499.WAV.wav,TRAIN/DR6/MPGR1/SI1499.PHN,59,135297,135238
3534,TRAIN/DR6/MPGR1/SI2129.WAV.wav,TRAIN/DR6/MPGR1/SI2129.PHN,39,135336,135297
3535,TRAIN/DR6/MPGR1/SX149.WAV.wav,TRAIN/DR6/MPGR1/SX149.PHN,46,135382,135336
3536,TRAIN/DR6/MPGR1/SX239.WAV.wav,TRAIN/DR6/MPGR1/SX239.PHN,35,135417,135382
3537,TRAIN/DR6/MPGR1/SX329.WAV.wav,TRAIN/DR6/MPGR1/SX329.PHN,52,135469,135417
3538,TRAIN/DR6/MPGR1/SX419.WAV.wav,TRAIN/DR6/MPGR1/SX419.PHN,36,135505,135469
3539,TRAIN/DR6/MPGR1/SX59.WAV.wav,TRAIN/DR6/MPGR1/SX59.PHN,25,135530,135505
3540,TRAIN/DR6/MRMB0/SA1.WAV.wav,TRAIN/DR6/MRMB0/SA1.PHN,42,135572,135530
3541,TRAIN/DR6/MRMB0/SA2.WAV.wav,TRAIN/DR6/MRMB0/SA2.PHN,35,135607,135572
3542,TRAIN/DR6/MRMB0/SI1581.WAV.wav,TRAIN/DR6/MRMB0/SI1581.PHN,38,135645,135607
3543,TRAIN/DR6/MRMB0/SI2211.WAV.wav,TRAIN/DR6/MRMB0/SI2211.PHN,33,135678,135645
3544,TRAIN/DR6/MRMB0/SI951.WAV.wav,TRAIN/DR6/MRMB0/SI951.PHN,37,135715,135678
3545,TRAIN/DR6/MRMB0/SX141.WAV.wav,TRAIN/DR6/MRMB0/SX141.PHN,48,135763,135715
3546,TRAIN/DR6/MRMB0/SX231.WAV.wav,TRAIN/DR6/MRMB0/SX231.PHN,12,135775,135763
3547,TRAIN/DR6/MRMB0/SX321.WAV.wav,TRAIN/DR6/MRMB0/SX321.PHN,46,135821,135775
3548,TRAIN/DR6/MRMB0/SX411.WAV.wav,TRAIN/DR6/MRMB0/SX411.PHN,39,135860,135821
3549,TRAIN/DR6/MRMB0/SX51.WAV.wav,TRAIN/DR6/MRMB0/SX51.PHN,42,135902,135860
3550,TRAIN/DR6/MRXB0/SA1.WAV.wav,TRAIN/DR6/MRXB0/SA1.PHN,42,135944,135902
3551,TRAIN/DR6/MRXB0/SA2.WAV.wav,TRAIN/DR6/MRXB0/SA2.PHN,35,135979,135944
3552,TRAIN/DR6/MRXB0/SI1585.WAV.wav,TRAIN/DR6/MRXB0/SI1585.PHN,36,136015,135979
3553,TRAIN/DR6/MRXB0/SI2215.WAV.wav,TRAIN/DR6/MRXB0/SI2215.PHN,66,136081,136015
3554,TRAIN/DR6/MRXB0/SI955.WAV.wav,TRAIN/DR6/MRXB0/SI955.PHN,56,136137,136081
3555,TRAIN/DR6/MRXB0/SX145.WAV.wav,TRAIN/DR6/MRXB0/SX145.PHN,40,136177,136137
3556,TRAIN/DR6/MRXB0/SX235.WAV.wav,TRAIN/DR6/MRXB0/SX235.PHN,33,136210,136177
3557,TRAIN/DR6/MRXB0/SX325.WAV.wav,TRAIN/DR6/MRXB0/SX325.PHN,28,136238,136210
3558,TRAIN/DR6/MRXB0/SX415.WAV.wav,TRAIN/DR6/MRXB0/SX415.PHN,36,136274,136238
3559,TRAIN/DR6/MRXB0/SX55.WAV.wav,TRAIN/DR6/MRXB0/SX55.PHN,43,136317,136274
3560,TRAIN/DR6/MSAT1/SA1.WAV.wav,TRAIN/DR6/MSAT1/SA1.PHN,38,136355,136317
3561,TRAIN/DR6/MSAT1/SA2.WAV.wav,TRAIN/DR6/MSAT1/SA2.PHN,34,136389,136355
3562,TRAIN/DR6/MSAT1/SI1073.WAV.wav,TRAIN/DR6/MSAT1/SI1073.PHN,35,136424,136389
3563,TRAIN/DR6/MSAT1/SI1703.WAV.wav,TRAIN/DR6/MSAT1/SI1703.PHN,33,136457,136424
3564,TRAIN/DR6/MSAT1/SI2333.WAV.wav,TRAIN/DR6/MSAT1/SI2333.PHN,35,136492,136457
3565,TRAIN/DR6/MSAT1/SX173.WAV.wav,TRAIN/DR6/MSAT1/SX173.PHN,50,136542,136492
3566,TRAIN/DR6/MSAT1/SX263.WAV.wav,TRAIN/DR6/MSAT1/SX263.PHN,28,136570,136542
3567,TRAIN/DR6/MSAT1/SX353.WAV.wav,TRAIN/DR6/MSAT1/SX353.PHN,31,136601,136570
3568,TRAIN/DR6/MSAT1/SX443.WAV.wav,TRAIN/DR6/MSAT1/SX443.PHN,29,136630,136601
3569,TRAIN/DR6/MSAT1/SX83.WAV.wav,TRAIN/DR6/MSAT1/SX83.PHN,37,136667,136630
3570,TRAIN/DR6/MSDS0/SA1.WAV.wav,TRAIN/DR6/MSDS0/SA1.PHN,39,136706,136667
3571,TRAIN/DR6/MSDS0/SA2.WAV.wav,TRAIN/DR6/MSDS0/SA2.PHN,32,136738,136706
3572,TRAIN/DR6/MSDS0/SI1077.WAV.wav,TRAIN/DR6/MSDS0/SI1077.PHN,61,136799,136738
3573,TRAIN/DR6/MSDS0/SI1707.WAV.wav,TRAIN/DR6/MSDS0/SI1707.PHN,37,136836,136799
3574,TRAIN/DR6/MSDS0/SI2337.WAV.wav,TRAIN/DR6/MSDS0/SI2337.PHN,36,136872,136836
3575,TRAIN/DR6/MSDS0/SX177.WAV.wav,TRAIN/DR6/MSDS0/SX177.PHN,26,136898,136872
3576,TRAIN/DR6/MSDS0/SX267.WAV.wav,TRAIN/DR6/MSDS0/SX267.PHN,43,136941,136898
3577,TRAIN/DR6/MSDS0/SX357.WAV.wav,TRAIN/DR6/MSDS0/SX357.PHN,44,136985,136941
3578,TRAIN/DR6/MSDS0/SX447.WAV.wav,TRAIN/DR6/MSDS0/SX447.PHN,26,137011,136985
3579,TRAIN/DR6/MSDS0/SX87.WAV.wav,TRAIN/DR6/MSDS0/SX87.PHN,35,137046,137011
3580,TRAIN/DR6/MSJK0/SA1.WAV.wav,TRAIN/DR6/MSJK0/SA1.PHN,40,137086,137046
3581,TRAIN/DR6/MSJK0/SA2.WAV.wav,TRAIN/DR6/MSJK0/SA2.PHN,33,137119,137086
3582,TRAIN/DR6/MSJK0/SI1596.WAV.wav,TRAIN/DR6/MSJK0/SI1596.PHN,61,137180,137119
3583,TRAIN/DR6/MSJK0/SI2226.WAV.wav,TRAIN/DR6/MSJK0/SI2226.PHN,26,137206,137180
3584,TRAIN/DR6/MSJK0/SI966.WAV.wav,TRAIN/DR6/MSJK0/SI966.PHN,32,137238,137206
3585,TRAIN/DR6/MSJK0/SX156.WAV.wav,TRAIN/DR6/MSJK0/SX156.PHN,46,137284,137238
3586,TRAIN/DR6/MSJK0/SX246.WAV.wav,TRAIN/DR6/MSJK0/SX246.PHN,32,137316,137284
3587,TRAIN/DR6/MSJK0/SX336.WAV.wav,TRAIN/DR6/MSJK0/SX336.PHN,56,137372,137316
3588,TRAIN/DR6/MSJK0/SX426.WAV.wav,TRAIN/DR6/MSJK0/SX426.PHN,40,137412,137372
3589,TRAIN/DR6/MSJK0/SX66.WAV.wav,TRAIN/DR6/MSJK0/SX66.PHN,36,137448,137412
3590,TRAIN/DR6/MSMR0/SA1.WAV.wav,TRAIN/DR6/MSMR0/SA1.PHN,41,137489,137448
3591,TRAIN/DR6/MSMR0/SA2.WAV.wav,TRAIN/DR6/MSMR0/SA2.PHN,31,137520,137489
3592,TRAIN/DR6/MSMR0/SI1150.WAV.wav,TRAIN/DR6/MSMR0/SI1150.PHN,63,137583,137520
3593,TRAIN/DR6/MSMR0/SI1405.WAV.wav,TRAIN/DR6/MSMR0/SI1405.PHN,32,137615,137583
3594,TRAIN/DR6/MSMR0/SI775.WAV.wav,TRAIN/DR6/MSMR0/SI775.PHN,34,137649,137615
3595,TRAIN/DR6/MSMR0/SX145.WAV.wav,TRAIN/DR6/MSMR0/SX145.PHN,38,137687,137649
3596,TRAIN/DR6/MSMR0/SX235.WAV.wav,TRAIN/DR6/MSMR0/SX235.PHN,31,137718,137687
3597,TRAIN/DR6/MSMR0/SX325.WAV.wav,TRAIN/DR6/MSMR0/SX325.PHN,26,137744,137718
3598,TRAIN/DR6/MSMR0/SX415.WAV.wav,TRAIN/DR6/MSMR0/SX415.PHN,33,137777,137744
3599,TRAIN/DR6/MSMR0/SX55.WAV.wav,TRAIN/DR6/MSMR0/SX55.PHN,41,137818,137777
3600,TRAIN/DR6/MSVS0/SA1.WAV.wav,TRAIN/DR6/MSVS0/SA1.PHN,41,137859,137818
3601,TRAIN/DR6/MSVS0/SA2.WAV.wav,TRAIN/DR6/MSVS0/SA2.PHN,34,137893,137859
3602,TRAIN/DR6/MSVS0/SI1568.WAV.wav,TRAIN/DR6/MSVS0/SI1568.PHN,29,137922,137893
3603,TRAIN/DR6/MSVS0/SI2198.WAV.wav,TRAIN/DR6/MSVS0/SI2198.PHN,57,137979,137922
3604,TRAIN/DR6/MSVS0/SI938.WAV.wav,TRAIN/DR6/MSVS0/SI938.PHN,60,138039,137979
3605,TRAIN/DR6/MSVS0/SX128.WAV.wav,TRAIN/DR6/MSVS0/SX128.PHN,29,138068,138039
3606,TRAIN/DR6/MSVS0/SX218.WAV.wav,TRAIN/DR6/MSVS0/SX218.PHN,44,138112,138068
3607,TRAIN/DR6/MSVS0/SX308.WAV.wav,TRAIN/DR6/MSVS0/SX308.PHN,35,138147,138112
3608,TRAIN/DR6/MSVS0/SX38.WAV.wav,TRAIN/DR6/MSVS0/SX38.PHN,44,138191,138147
3609,TRAIN/DR6/MSVS0/SX398.WAV.wav,TRAIN/DR6/MSVS0/SX398.PHN,46,138237,138191
3610,TRAIN/DR6/MTJU0/SA1.WAV.wav,TRAIN/DR6/MTJU0/SA1.PHN,41,138278,138237
3611,TRAIN/DR6/MTJU0/SA2.WAV.wav,TRAIN/DR6/MTJU0/SA2.PHN,36,138314,138278
3612,TRAIN/DR6/MTJU0/SI2020.WAV.wav,TRAIN/DR6/MTJU0/SI2020.PHN,62,138376,138314
3613,TRAIN/DR6/MTJU0/SI2269.WAV.wav,TRAIN/DR6/MTJU0/SI2269.PHN,16,138392,138376
3614,TRAIN/DR6/MTJU0/SI760.WAV.wav,TRAIN/DR6/MTJU0/SI760.PHN,45,138437,138392
3615,TRAIN/DR6/MTJU0/SX130.WAV.wav,TRAIN/DR6/MTJU0/SX130.PHN,36,138473,138437
3616,TRAIN/DR6/MTJU0/SX220.WAV.wav,TRAIN/DR6/MTJU0/SX220.PHN,51,138524,138473
3617,TRAIN/DR6/MTJU0/SX310.WAV.wav,TRAIN/DR6/MTJU0/SX310.PHN,37,138561,138524
3618,TRAIN/DR6/MTJU0/SX40.WAV.wav,TRAIN/DR6/MTJU0/SX40.PHN,48,138609,138561
3619,TRAIN/DR6/MTJU0/SX400.WAV.wav,TRAIN/DR6/MTJU0/SX400.PHN,41,138650,138609
3620,TRAIN/DR6/MTXS0/SA1.WAV.wav,TRAIN/DR6/MTXS0/SA1.PHN,39,138689,138650
3621,TRAIN/DR6/MTXS0/SA2.WAV.wav,TRAIN/DR6/MTXS0/SA2.PHN,33,138722,138689
3622,TRAIN/DR6/MTXS0/SI1060.WAV.wav,TRAIN/DR6/MTXS0/SI1060.PHN,52,138774,138722
3623,TRAIN/DR6/MTXS0/SI1690.WAV.wav,TRAIN/DR6/MTXS0/SI1690.PHN,20,138794,138774
3624,TRAIN/DR6/MTXS0/SI2320.WAV.wav,TRAIN/DR6/MTXS0/SI2320.PHN,58,138852,138794
3625,TRAIN/DR6/MTXS0/SX160.WAV.wav,TRAIN/DR6/MTXS0/SX160.PHN,50,138902,138852
3626,TRAIN/DR6/MTXS0/SX250.WAV.wav,TRAIN/DR6/MTXS0/SX250.PHN,39,138941,138902
3627,TRAIN/DR6/MTXS0/SX340.WAV.wav,TRAIN/DR6/MTXS0/SX340.PHN,29,138970,138941
3628,TRAIN/DR6/MTXS0/SX430.WAV.wav,TRAIN/DR6/MTXS0/SX430.PHN,47,139017,138970
3629,TRAIN/DR6/MTXS0/SX70.WAV.wav,TRAIN/DR6/MTXS0/SX70.PHN,14,139031,139017
3630,TRAIN/DR7/FBLV0/SA1.WAV.wav,TRAIN/DR7/FBLV0/SA1.PHN,43,139074,139031
3631,TRAIN/DR7/FBLV0/SA2.WAV.wav,TRAIN/DR7/FBLV0/SA2.PHN,36,139110,139074
3632,TRAIN/DR7/FBLV0/SI1058.WAV.wav,TRAIN/DR7/FBLV0/SI1058.PHN,41,139151,139110
3633,TRAIN/DR7/FBLV0/SI1688.WAV.wav,TRAIN/DR7/FBLV0/SI1688.PHN,66,139217,139151
3634,TRAIN/DR7/FBLV0/SI2318.WAV.wav,TRAIN/DR7/FBLV0/SI2318.PHN,48,139265,139217
3635,TRAIN/DR7/FBLV0/SX158.WAV.wav,TRAIN/DR7/FBLV0/SX158.PHN,30,139295,139265
3636,TRAIN/DR7/FBLV0/SX248.WAV.wav,TRAIN/DR7/FBLV0/SX248.PHN,31,139326,139295
3637,TRAIN/DR7/FBLV0/SX338.WAV.wav,TRAIN/DR7/FBLV0/SX338.PHN,41,139367,139326
3638,TRAIN/DR7/FBLV0/SX428.WAV.wav,TRAIN/DR7/FBLV0/SX428.PHN,51,139418,139367
3639,TRAIN/DR7/FBLV0/SX68.WAV.wav,TRAIN/DR7/FBLV0/SX68.PHN,35,139453,139418
3640,TRAIN/DR7/FCJS0/SA1.WAV.wav,TRAIN/DR7/FCJS0/SA1.PHN,43,139496,139453
3641,TRAIN/DR7/FCJS0/SA2.WAV.wav,TRAIN/DR7/FCJS0/SA2.PHN,36,139532,139496
3642,TRAIN/DR7/FCJS0/SI1607.WAV.wav,TRAIN/DR7/FCJS0/SI1607.PHN,23,139555,139532
3643,TRAIN/DR7/FCJS0/SI2237.WAV.wav,TRAIN/DR7/FCJS0/SI2237.PHN,18,139573,139555
3644,TRAIN/DR7/FCJS0/SI977.WAV.wav,TRAIN/DR7/FCJS0/SI977.PHN,35,139608,139573
3645,TRAIN/DR7/FCJS0/SX167.WAV.wav,TRAIN/DR7/FCJS0/SX167.PHN,53,139661,139608
3646,TRAIN/DR7/FCJS0/SX257.WAV.wav,TRAIN/DR7/FCJS0/SX257.PHN,28,139689,139661
3647,TRAIN/DR7/FCJS0/SX347.WAV.wav,TRAIN/DR7/FCJS0/SX347.PHN,60,139749,139689
3648,TRAIN/DR7/FCJS0/SX437.WAV.wav,TRAIN/DR7/FCJS0/SX437.PHN,52,139801,139749
3649,TRAIN/DR7/FCJS0/SX77.WAV.wav,TRAIN/DR7/FCJS0/SX77.PHN,44,139845,139801
3650,TRAIN/DR7/FCRZ0/SA1.WAV.wav,TRAIN/DR7/FCRZ0/SA1.PHN,38,139883,139845
3651,TRAIN/DR7/FCRZ0/SA2.WAV.wav,TRAIN/DR7/FCRZ0/SA2.PHN,33,139916,139883
3652,TRAIN/DR7/FCRZ0/SI1913.WAV.wav,TRAIN/DR7/FCRZ0/SI1913.PHN,57,139973,139916
3653,TRAIN/DR7/FCRZ0/SI2053.WAV.wav,TRAIN/DR7/FCRZ0/SI2053.PHN,33,140006,139973
3654,TRAIN/DR7/FCRZ0/SI793.WAV.wav,TRAIN/DR7/FCRZ0/SI793.PHN,28,140034,140006
3655,TRAIN/DR7/FCRZ0/SX163.WAV.wav,TRAIN/DR7/FCRZ0/SX163.PHN,37,140071,140034
3656,TRAIN/DR7/FCRZ0/SX253.WAV.wav,TRAIN/DR7/FCRZ0/SX253.PHN,28,140099,140071
3657,TRAIN/DR7/FCRZ0/SX343.WAV.wav,TRAIN/DR7/FCRZ0/SX343.PHN,44,140143,140099
3658,TRAIN/DR7/FCRZ0/SX433.WAV.wav,TRAIN/DR7/FCRZ0/SX433.PHN,44,140187,140143
3659,TRAIN/DR7/FCRZ0/SX73.WAV.wav,TRAIN/DR7/FCRZ0/SX73.PHN,36,140223,140187
3660,TRAIN/DR7/FJEN0/SA1.WAV.wav,TRAIN/DR7/FJEN0/SA1.PHN,41,140264,140223
3661,TRAIN/DR7/FJEN0/SA2.WAV.wav,TRAIN/DR7/FJEN0/SA2.PHN,41,140305,140264
3662,TRAIN/DR7/FJEN0/SI1047.WAV.wav,TRAIN/DR7/FJEN0/SI1047.PHN,27,140332,140305
3663,TRAIN/DR7/FJEN0/SI1677.WAV.wav,TRAIN/DR7/FJEN0/SI1677.PHN,34,140366,140332
3664,TRAIN/DR7/FJEN0/SI2307.WAV.wav,TRAIN/DR7/FJEN0/SI2307.PHN,46,140412,140366
3665,TRAIN/DR7/FJEN0/SX147.WAV.wav,TRAIN/DR7/FJEN0/SX147.PHN,49,140461,140412
3666,TRAIN/DR7/FJEN0/SX237.WAV.wav,TRAIN/DR7/FJEN0/SX237.PHN,20,140481,140461
3667,TRAIN/DR7/FJEN0/SX327.WAV.wav,TRAIN/DR7/FJEN0/SX327.PHN,73,140554,140481
3668,TRAIN/DR7/FJEN0/SX417.WAV.wav,TRAIN/DR7/FJEN0/SX417.PHN,43,140597,140554
3669,TRAIN/DR7/FJEN0/SX57.WAV.wav,TRAIN/DR7/FJEN0/SX57.PHN,34,140631,140597
3670,TRAIN/DR7/FJHK0/SA1.WAV.wav,TRAIN/DR7/FJHK0/SA1.PHN,42,140673,140631
3671,TRAIN/DR7/FJHK0/SA2.WAV.wav,TRAIN/DR7/FJHK0/SA2.PHN,37,140710,140673
3672,TRAIN/DR7/FJHK0/SI1022.WAV.wav,TRAIN/DR7/FJHK0/SI1022.PHN,34,140744,140710
3673,TRAIN/DR7/FJHK0/SI1652.WAV.wav,TRAIN/DR7/FJHK0/SI1652.PHN,19,140763,140744
3674,TRAIN/DR7/FJHK0/SI2282.WAV.wav,TRAIN/DR7/FJHK0/SI2282.PHN,59,140822,140763
3675,TRAIN/DR7/FJHK0/SX122.WAV.wav,TRAIN/DR7/FJHK0/SX122.PHN,54,140876,140822
3676,TRAIN/DR7/FJHK0/SX212.WAV.wav,TRAIN/DR7/FJHK0/SX212.PHN,44,140920,140876
3677,TRAIN/DR7/FJHK0/SX302.WAV.wav,TRAIN/DR7/FJHK0/SX302.PHN,30,140950,140920
3678,TRAIN/DR7/FJHK0/SX32.WAV.wav,TRAIN/DR7/FJHK0/SX32.PHN,39,140989,140950
3679,TRAIN/DR7/FJHK0/SX392.WAV.wav,TRAIN/DR7/FJHK0/SX392.PHN,45,141034,140989
3680,TRAIN/DR7/FJRP1/SA1.WAV.wav,TRAIN/DR7/FJRP1/SA1.PHN,41,141075,141034
3681,TRAIN/DR7/FJRP1/SA2.WAV.wav,TRAIN/DR7/FJRP1/SA2.PHN,35,141110,141075
3682,TRAIN/DR7/FJRP1/SI1432.WAV.wav,TRAIN/DR7/FJRP1/SI1432.PHN,60,141170,141110
3683,TRAIN/DR7/FJRP1/SI2062.WAV.wav,TRAIN/DR7/FJRP1/SI2062.PHN,18,141188,141170
3684,TRAIN/DR7/FJRP1/SI802.WAV.wav,TRAIN/DR7/FJRP1/SI802.PHN,19,141207,141188
3685,TRAIN/DR7/FJRP1/SX172.WAV.wav,TRAIN/DR7/FJRP1/SX172.PHN,42,141249,141207
3686,TRAIN/DR7/FJRP1/SX262.WAV.wav,TRAIN/DR7/FJRP1/SX262.PHN,33,141282,141249
3687,TRAIN/DR7/FJRP1/SX352.WAV.wav,TRAIN/DR7/FJRP1/SX352.PHN,73,141355,141282
3688,TRAIN/DR7/FJRP1/SX442.WAV.wav,TRAIN/DR7/FJRP1/SX442.PHN,41,141396,141355
3689,TRAIN/DR7/FJRP1/SX82.WAV.wav,TRAIN/DR7/FJRP1/SX82.PHN,34,141430,141396
3690,TRAIN/DR7/FJSK0/SA1.WAV.wav,TRAIN/DR7/FJSK0/SA1.PHN,44,141474,141430
3691,TRAIN/DR7/FJSK0/SA2.WAV.wav,TRAIN/DR7/FJSK0/SA2.PHN,35,141509,141474
3692,TRAIN/DR7/FJSK0/SI1052.WAV.wav,TRAIN/DR7/FJSK0/SI1052.PHN,70,141579,141509
3693,TRAIN/DR7/FJSK0/SI1682.WAV.wav,TRAIN/DR7/FJSK0/SI1682.PHN,38,141617,141579
3694,TRAIN/DR7/FJSK0/SI2312.WAV.wav,TRAIN/DR7/FJSK0/SI2312.PHN,24,141641,141617
3695,TRAIN/DR7/FJSK0/SX152.WAV.wav,TRAIN/DR7/FJSK0/SX152.PHN,41,141682,141641
3696,TRAIN/DR7/FJSK0/SX242.WAV.wav,TRAIN/DR7/FJSK0/SX242.PHN,38,141720,141682
3697,TRAIN/DR7/FJSK0/SX332.WAV.wav,TRAIN/DR7/FJSK0/SX332.PHN,45,141765,141720
3698,TRAIN/DR7/FJSK0/SX422.WAV.wav,TRAIN/DR7/FJSK0/SX422.PHN,41,141806,141765
3699,TRAIN/DR7/FJSK0/SX62.WAV.wav,TRAIN/DR7/FJSK0/SX62.PHN,46,141852,141806
3700,TRAIN/DR7/FKDE0/SA1.WAV.wav,TRAIN/DR7/FKDE0/SA1.PHN,38,141890,141852
3701,TRAIN/DR7/FKDE0/SA2.WAV.wav,TRAIN/DR7/FKDE0/SA2.PHN,34,141924,141890
3702,TRAIN/DR7/FKDE0/SI1141.WAV.wav,TRAIN/DR7/FKDE0/SI1141.PHN,66,141990,141924
3703,TRAIN/DR7/FKDE0/SI1771.WAV.wav,TRAIN/DR7/FKDE0/SI1771.PHN,38,142028,141990
3704,TRAIN/DR7/FKDE0/SI2221.WAV.wav,TRAIN/DR7/FKDE0/SI2221.PHN,23,142051,142028
3705,TRAIN/DR7/FKDE0/SX151.WAV.wav,TRAIN/DR7/FKDE0/SX151.PHN,46,142097,142051
3706,TRAIN/DR7/FKDE0/SX241.WAV.wav,TRAIN/DR7/FKDE0/SX241.PHN,34,142131,142097
3707,TRAIN/DR7/FKDE0/SX331.WAV.wav,TRAIN/DR7/FKDE0/SX331.PHN,35,142166,142131
3708,TRAIN/DR7/FKDE0/SX421.WAV.wav,TRAIN/DR7/FKDE0/SX421.PHN,35,142201,142166
3709,TRAIN/DR7/FKDE0/SX61.WAV.wav,TRAIN/DR7/FKDE0/SX61.PHN,42,142243,142201
3710,TRAIN/DR7/FKSR0/SA1.WAV.wav,TRAIN/DR7/FKSR0/SA1.PHN,43,142286,142243
3711,TRAIN/DR7/FKSR0/SA2.WAV.wav,TRAIN/DR7/FKSR0/SA2.PHN,35,142321,142286
3712,TRAIN/DR7/FKSR0/SI1117.WAV.wav,TRAIN/DR7/FKSR0/SI1117.PHN,35,142356,142321
3713,TRAIN/DR7/FKSR0/SI1747.WAV.wav,TRAIN/DR7/FKSR0/SI1747.PHN,35,142391,142356
3714,TRAIN/DR7/FKSR0/SI487.WAV.wav,TRAIN/DR7/FKSR0/SI487.PHN,35,142426,142391
3715,TRAIN/DR7/FKSR0/SX161.WAV.wav,TRAIN/DR7/FKSR0/SX161.PHN,50,142476,142426
3716,TRAIN/DR7/FKSR0/SX217.WAV.wav,TRAIN/DR7/FKSR0/SX217.PHN,25,142501,142476
3717,TRAIN/DR7/FKSR0/SX366.WAV.wav,TRAIN/DR7/FKSR0/SX366.PHN,52,142553,142501
3718,TRAIN/DR7/FKSR0/SX37.WAV.wav,TRAIN/DR7/FKSR0/SX37.PHN,39,142592,142553
3719,TRAIN/DR7/FKSR0/SX397.WAV.wav,TRAIN/DR7/FKSR0/SX397.PHN,34,142626,142592
3720,TRAIN/DR7/FLEH0/SA1.WAV.wav,TRAIN/DR7/FLEH0/SA1.PHN,41,142667,142626
3721,TRAIN/DR7/FLEH0/SA2.WAV.wav,TRAIN/DR7/FLEH0/SA2.PHN,34,142701,142667
3722,TRAIN/DR7/FLEH0/SI1051.WAV.wav,TRAIN/DR7/FLEH0/SI1051.PHN,57,142758,142701
3723,TRAIN/DR7/FLEH0/SI1681.WAV.wav,TRAIN/DR7/FLEH0/SI1681.PHN,31,142789,142758
3724,TRAIN/DR7/FLEH0/SI2311.WAV.wav,TRAIN/DR7/FLEH0/SI2311.PHN,20,142809,142789
3725,TRAIN/DR7/FLEH0/SX151.WAV.wav,TRAIN/DR7/FLEH0/SX151.PHN,46,142855,142809
3726,TRAIN/DR7/FLEH0/SX241.WAV.wav,TRAIN/DR7/FLEH0/SX241.PHN,34,142889,142855
3727,TRAIN/DR7/FLEH0/SX331.WAV.wav,TRAIN/DR7/FLEH0/SX331.PHN,35,142924,142889
3728,TRAIN/DR7/FLEH0/SX421.WAV.wav,TRAIN/DR7/FLEH0/SX421.PHN,37,142961,142924
3729,TRAIN/DR7/FLEH0/SX61.WAV.wav,TRAIN/DR7/FLEH0/SX61.PHN,41,143002,142961
3730,TRAIN/DR7/FLET0/SA1.WAV.wav,TRAIN/DR7/FLET0/SA1.PHN,38,143040,143002
3731,TRAIN/DR7/FLET0/SA2.WAV.wav,TRAIN/DR7/FLET0/SA2.PHN,34,143074,143040
3732,TRAIN/DR7/FLET0/SI1137.WAV.wav,TRAIN/DR7/FLET0/SI1137.PHN,47,143121,143074
3733,TRAIN/DR7/FLET0/SI1767.WAV.wav,TRAIN/DR7/FLET0/SI1767.PHN,43,143164,143121
3734,TRAIN/DR7/FLET0/SI507.WAV.wav,TRAIN/DR7/FLET0/SI507.PHN,56,143220,143164
3735,TRAIN/DR7/FLET0/SX147.WAV.wav,TRAIN/DR7/FLET0/SX147.PHN,42,143262,143220
3736,TRAIN/DR7/FLET0/SX237.WAV.wav,TRAIN/DR7/FLET0/SX237.PHN,20,143282,143262
3737,TRAIN/DR7/FLET0/SX277.WAV.wav,TRAIN/DR7/FLET0/SX277.PHN,26,143308,143282
3738,TRAIN/DR7/FLET0/SX417.WAV.wav,TRAIN/DR7/FLET0/SX417.PHN,39,143347,143308
3739,TRAIN/DR7/FLET0/SX57.WAV.wav,TRAIN/DR7/FLET0/SX57.PHN,33,143380,143347
3740,TRAIN/DR7/FMAH1/SA1.WAV.wav,TRAIN/DR7/FMAH1/SA1.PHN,41,143421,143380
3741,TRAIN/DR7/FMAH1/SA2.WAV.wav,TRAIN/DR7/FMAH1/SA2.PHN,40,143461,143421
3742,TRAIN/DR7/FMAH1/SI1509.WAV.wav,TRAIN/DR7/FMAH1/SI1509.PHN,28,143489,143461
3743,TRAIN/DR7/FMAH1/SI2139.WAV.wav,TRAIN/DR7/FMAH1/SI2139.PHN,23,143512,143489
3744,TRAIN/DR7/FMAH1/SI879.WAV.wav,TRAIN/DR7/FMAH1/SI879.PHN,61,143573,143512
3745,TRAIN/DR7/FMAH1/SX159.WAV.wav,TRAIN/DR7/FMAH1/SX159.PHN,39,143612,143573
3746,TRAIN/DR7/FMAH1/SX249.WAV.wav,TRAIN/DR7/FMAH1/SX249.PHN,30,143642,143612
3747,TRAIN/DR7/FMAH1/SX339.WAV.wav,TRAIN/DR7/FMAH1/SX339.PHN,32,143674,143642
3748,TRAIN/DR7/FMAH1/SX429.WAV.wav,TRAIN/DR7/FMAH1/SX429.PHN,39,143713,143674
3749,TRAIN/DR7/FMAH1/SX69.WAV.wav,TRAIN/DR7/FMAH1/SX69.PHN,36,143749,143713
3750,TRAIN/DR7/FMKC0/SA1.WAV.wav,TRAIN/DR7/FMKC0/SA1.PHN,41,143790,143749
3751,TRAIN/DR7/FMKC0/SA2.WAV.wav,TRAIN/DR7/FMKC0/SA2.PHN,37,143827,143790
3752,TRAIN/DR7/FMKC0/SI1041.WAV.wav,TRAIN/DR7/FMKC0/SI1041.PHN,58,143885,143827
3753,TRAIN/DR7/FMKC0/SI1072.WAV.wav,TRAIN/DR7/FMKC0/SI1072.PHN,32,143917,143885
3754,TRAIN/DR7/FMKC0/SI1702.WAV.wav,TRAIN/DR7/FMKC0/SI1702.PHN,26,143943,143917
3755,TRAIN/DR7/FMKC0/SX172.WAV.wav,TRAIN/DR7/FMKC0/SX172.PHN,43,143986,143943
3756,TRAIN/DR7/FMKC0/SX262.WAV.wav,TRAIN/DR7/FMKC0/SX262.PHN,32,144018,143986
3757,TRAIN/DR7/FMKC0/SX352.WAV.wav,TRAIN/DR7/FMKC0/SX352.PHN,65,144083,144018
3758,TRAIN/DR7/FMKC0/SX442.WAV.wav,TRAIN/DR7/FMKC0/SX442.PHN,43,144126,144083
3759,TRAIN/DR7/FMKC0/SX82.WAV.wav,TRAIN/DR7/FMKC0/SX82.PHN,37,144163,144126
3760,TRAIN/DR7/FPAB1/SA1.WAV.wav,TRAIN/DR7/FPAB1/SA1.PHN,39,144202,144163
3761,TRAIN/DR7/FPAB1/SA2.WAV.wav,TRAIN/DR7/FPAB1/SA2.PHN,34,144236,144202
3762,TRAIN/DR7/FPAB1/SI1471.WAV.wav,TRAIN/DR7/FPAB1/SI1471.PHN,33,144269,144236
3763,TRAIN/DR7/FPAB1/SI2101.WAV.wav,TRAIN/DR7/FPAB1/SI2101.PHN,59,144328,144269
3764,TRAIN/DR7/FPAB1/SI841.WAV.wav,TRAIN/DR7/FPAB1/SI841.PHN,69,144397,144328
3765,TRAIN/DR7/FPAB1/SX121.WAV.wav,TRAIN/DR7/FPAB1/SX121.PHN,39,144436,144397
3766,TRAIN/DR7/FPAB1/SX211.WAV.wav,TRAIN/DR7/FPAB1/SX211.PHN,34,144470,144436
3767,TRAIN/DR7/FPAB1/SX301.WAV.wav,TRAIN/DR7/FPAB1/SX301.PHN,37,144507,144470
3768,TRAIN/DR7/FPAB1/SX31.WAV.wav,TRAIN/DR7/FPAB1/SX31.PHN,27,144534,144507
3769,TRAIN/DR7/FPAB1/SX391.WAV.wav,TRAIN/DR7/FPAB1/SX391.PHN,20,144554,144534
3770,TRAIN/DR7/FPAC0/SA1.WAV.wav,TRAIN/DR7/FPAC0/SA1.PHN,41,144595,144554
3771,TRAIN/DR7/FPAC0/SA2.WAV.wav,TRAIN/DR7/FPAC0/SA2.PHN,37,144632,144595
3772,TRAIN/DR7/FPAC0/SI1921.WAV.wav,TRAIN/DR7/FPAC0/SI1921.PHN,69,144701,144632
3773,TRAIN/DR7/FPAC0/SI2011.WAV.wav,TRAIN/DR7/FPAC0/SI2011.PHN,23,144724,144701
3774,TRAIN/DR7/FPAC0/SI661.WAV.wav,TRAIN/DR7/FPAC0/SI661.PHN,55,144779,144724
3775,TRAIN/DR7/FPAC0/SX121.WAV.wav,TRAIN/DR7/FPAC0/SX121.PHN,41,144820,144779
3776,TRAIN/DR7/FPAC0/SX211.WAV.wav,TRAIN/DR7/FPAC0/SX211.PHN,36,144856,144820
3777,TRAIN/DR7/FPAC0/SX301.WAV.wav,TRAIN/DR7/FPAC0/SX301.PHN,39,144895,144856
3778,TRAIN/DR7/FPAC0/SX31.WAV.wav,TRAIN/DR7/FPAC0/SX31.PHN,31,144926,144895
3779,TRAIN/DR7/FPAC0/SX391.WAV.wav,TRAIN/DR7/FPAC0/SX391.PHN,21,144947,144926
3780,TRAIN/DR7/FREH0/SA1.WAV.wav,TRAIN/DR7/FREH0/SA1.PHN,40,144987,144947
3781,TRAIN/DR7/FREH0/SA2.WAV.wav,TRAIN/DR7/FREH0/SA2.PHN,33,145020,144987
3782,TRAIN/DR7/FREH0/SI1315.WAV.wav,TRAIN/DR7/FREH0/SI1315.PHN,49,145069,145020
3783,TRAIN/DR7/FREH0/SI1945.WAV.wav,TRAIN/DR7/FREH0/SI1945.PHN,60,145129,145069
3784,TRAIN/DR7/FREH0/SI685.WAV.wav,TRAIN/DR7/FREH0/SI685.PHN,33,145162,145129
3785,TRAIN/DR7/FREH0/SX145.WAV.wav,TRAIN/DR7/FREH0/SX145.PHN,37,145199,145162
3786,TRAIN/DR7/FREH0/SX235.WAV.wav,TRAIN/DR7/FREH0/SX235.PHN,31,145230,145199
3787,TRAIN/DR7/FREH0/SX325.WAV.wav,TRAIN/DR7/FREH0/SX325.PHN,25,145255,145230
3788,TRAIN/DR7/FREH0/SX415.WAV.wav,TRAIN/DR7/FREH0/SX415.PHN,36,145291,145255
3789,TRAIN/DR7/FREH0/SX55.WAV.wav,TRAIN/DR7/FREH0/SX55.PHN,42,145333,145291
3790,TRAIN/DR7/FSPM0/SA1.WAV.wav,TRAIN/DR7/FSPM0/SA1.PHN,42,145375,145333
3791,TRAIN/DR7/FSPM0/SA2.WAV.wav,TRAIN/DR7/FSPM0/SA2.PHN,35,145410,145375
3792,TRAIN/DR7/FSPM0/SI1241.WAV.wav,TRAIN/DR7/FSPM0/SI1241.PHN,68,145478,145410
3793,TRAIN/DR7/FSPM0/SI1871.WAV.wav,TRAIN/DR7/FSPM0/SI1871.PHN,34,145512,145478
3794,TRAIN/DR7/FSPM0/SI611.WAV.wav,TRAIN/DR7/FSPM0/SI611.PHN,27,145539,145512
3795,TRAIN/DR7/FSPM0/SX161.WAV.wav,TRAIN/DR7/FSPM0/SX161.PHN,51,145590,145539
3796,TRAIN/DR7/FSPM0/SX251.WAV.wav,TRAIN/DR7/FSPM0/SX251.PHN,54,145644,145590
3797,TRAIN/DR7/FSPM0/SX341.WAV.wav,TRAIN/DR7/FSPM0/SX341.PHN,43,145687,145644
3798,TRAIN/DR7/FSPM0/SX431.WAV.wav,TRAIN/DR7/FSPM0/SX431.PHN,34,145721,145687
3799,TRAIN/DR7/FSPM0/SX71.WAV.wav,TRAIN/DR7/FSPM0/SX71.PHN,31,145752,145721
3800,TRAIN/DR7/FVKB0/SA1.WAV.wav,TRAIN/DR7/FVKB0/SA1.PHN,42,145794,145752
3801,TRAIN/DR7/FVKB0/SA2.WAV.wav,TRAIN/DR7/FVKB0/SA2.PHN,36,145830,145794
3802,TRAIN/DR7/FVKB0/SI1159.WAV.wav,TRAIN/DR7/FVKB0/SI1159.PHN,33,145863,145830
3803,TRAIN/DR7/FVKB0/SI1789.WAV.wav,TRAIN/DR7/FVKB0/SI1789.PHN,24,145887,145863
3804,TRAIN/DR7/FVKB0/SI529.WAV.wav,TRAIN/DR7/FVKB0/SI529.PHN,43,145930,145887
3805,TRAIN/DR7/FVKB0/SX169.WAV.wav,TRAIN/DR7/FVKB0/SX169.PHN,41,145971,145930
3806,TRAIN/DR7/FVKB0/SX259.WAV.wav,TRAIN/DR7/FVKB0/SX259.PHN,39,146010,145971
3807,TRAIN/DR7/FVKB0/SX349.WAV.wav,TRAIN/DR7/FVKB0/SX349.PHN,60,146070,146010
3808,TRAIN/DR7/FVKB0/SX439.WAV.wav,TRAIN/DR7/FVKB0/SX439.PHN,45,146115,146070
3809,TRAIN/DR7/FVKB0/SX79.WAV.wav,TRAIN/DR7/FVKB0/SX79.PHN,42,146157,146115
3810,TRAIN/DR7/MADD0/SA1.WAV.wav,TRAIN/DR7/MADD0/SA1.PHN,41,146198,146157
3811,TRAIN/DR7/MADD0/SA2.WAV.wav,TRAIN/DR7/MADD0/SA2.PHN,34,146232,146198
3812,TRAIN/DR7/MADD0/SI1295.WAV.wav,TRAIN/DR7/MADD0/SI1295.PHN,24,146256,146232
3813,TRAIN/DR7/MADD0/SI1798.WAV.wav,TRAIN/DR7/MADD0/SI1798.PHN,49,146305,146256
3814,TRAIN/DR7/MADD0/SI538.WAV.wav,TRAIN/DR7/MADD0/SI538.PHN,37,146342,146305
3815,TRAIN/DR7/MADD0/SX178.WAV.wav,TRAIN/DR7/MADD0/SX178.PHN,52,146394,146342
3816,TRAIN/DR7/MADD0/SX268.WAV.wav,TRAIN/DR7/MADD0/SX268.PHN,44,146438,146394
3817,TRAIN/DR7/MADD0/SX358.WAV.wav,TRAIN/DR7/MADD0/SX358.PHN,31,146469,146438
3818,TRAIN/DR7/MADD0/SX448.WAV.wav,TRAIN/DR7/MADD0/SX448.PHN,34,146503,146469
3819,TRAIN/DR7/MADD0/SX88.WAV.wav,TRAIN/DR7/MADD0/SX88.PHN,50,146553,146503
3820,TRAIN/DR7/MAEO0/SA1.WAV.wav,TRAIN/DR7/MAEO0/SA1.PHN,39,146592,146553
3821,TRAIN/DR7/MAEO0/SA2.WAV.wav,TRAIN/DR7/MAEO0/SA2.PHN,32,146624,146592
3822,TRAIN/DR7/MAEO0/SI1326.WAV.wav,TRAIN/DR7/MAEO0/SI1326.PHN,52,146676,146624
3823,TRAIN/DR7/MAEO0/SI1655.WAV.wav,TRAIN/DR7/MAEO0/SI1655.PHN,25,146701,146676
3824,TRAIN/DR7/MAEO0/SI1956.WAV.wav,TRAIN/DR7/MAEO0/SI1956.PHN,36,146737,146701
3825,TRAIN/DR7/MAEO0/SX156.WAV.wav,TRAIN/DR7/MAEO0/SX156.PHN,45,146782,146737
3826,TRAIN/DR7/MAEO0/SX246.WAV.wav,TRAIN/DR7/MAEO0/SX246.PHN,25,146807,146782
3827,TRAIN/DR7/MAEO0/SX336.WAV.wav,TRAIN/DR7/MAEO0/SX336.PHN,53,146860,146807
3828,TRAIN/DR7/MAEO0/SX426.WAV.wav,TRAIN/DR7/MAEO0/SX426.PHN,40,146900,146860
3829,TRAIN/DR7/MAEO0/SX66.WAV.wav,TRAIN/DR7/MAEO0/SX66.PHN,34,146934,146900
3830,TRAIN/DR7/MAFM0/SA1.WAV.wav,TRAIN/DR7/MAFM0/SA1.PHN,40,146974,146934
3831,TRAIN/DR7/MAFM0/SA2.WAV.wav,TRAIN/DR7/MAFM0/SA2.PHN,31,147005,146974
3832,TRAIN/DR7/MAFM0/SI1569.WAV.wav,TRAIN/DR7/MAFM0/SI1569.PHN,20,147025,147005
3833,TRAIN/DR7/MAFM0/SI2199.WAV.wav,TRAIN/DR7/MAFM0/SI2199.PHN,14,147039,147025
3834,TRAIN/DR7/MAFM0/SI939.WAV.wav,TRAIN/DR7/MAFM0/SI939.PHN,64,147103,147039
3835,TRAIN/DR7/MAFM0/SX129.WAV.wav,TRAIN/DR7/MAFM0/SX129.PHN,30,147133,147103
3836,TRAIN/DR7/MAFM0/SX219.WAV.wav,TRAIN/DR7/MAFM0/SX219.PHN,46,147179,147133
3837,TRAIN/DR7/MAFM0/SX309.WAV.wav,TRAIN/DR7/MAFM0/SX309.PHN,41,147220,147179
3838,TRAIN/DR7/MAFM0/SX39.WAV.wav,TRAIN/DR7/MAFM0/SX39.PHN,44,147264,147220
3839,TRAIN/DR7/MAFM0/SX399.WAV.wav,TRAIN/DR7/MAFM0/SX399.PHN,32,147296,147264
3840,TRAIN/DR7/MBAR0/SA1.WAV.wav,TRAIN/DR7/MBAR0/SA1.PHN,38,147334,147296
3841,TRAIN/DR7/MBAR0/SA2.WAV.wav,TRAIN/DR7/MBAR0/SA2.PHN,33,147367,147334
3842,TRAIN/DR7/MBAR0/SI1319.WAV.wav,TRAIN/DR7/MBAR0/SI1319.PHN,63,147430,147367
3843,TRAIN/DR7/MBAR0/SI1949.WAV.wav,TRAIN/DR7/MBAR0/SI1949.PHN,17,147447,147430
3844,TRAIN/DR7/MBAR0/SI689.WAV.wav,TRAIN/DR7/MBAR0/SI689.PHN,48,147495,147447
3845,TRAIN/DR7/MBAR0/SX149.WAV.wav,TRAIN/DR7/MBAR0/SX149.PHN,49,147544,147495
3846,TRAIN/DR7/MBAR0/SX239.WAV.wav,TRAIN/DR7/MBAR0/SX239.PHN,34,147578,147544
3847,TRAIN/DR7/MBAR0/SX329.WAV.wav,TRAIN/DR7/MBAR0/SX329.PHN,53,147631,147578
3848,TRAIN/DR7/MBAR0/SX419.WAV.wav,TRAIN/DR7/MBAR0/SX419.PHN,37,147668,147631
3849,TRAIN/DR7/MBAR0/SX59.WAV.wav,TRAIN/DR7/MBAR0/SX59.PHN,26,147694,147668
3850,TRAIN/DR7/MBBR0/SA1.WAV.wav,TRAIN/DR7/MBBR0/SA1.PHN,39,147733,147694
3851,TRAIN/DR7/MBBR0/SA2.WAV.wav,TRAIN/DR7/MBBR0/SA2.PHN,32,147765,147733
3852,TRAIN/DR7/MBBR0/SI1055.WAV.wav,TRAIN/DR7/MBBR0/SI1055.PHN,70,147835,147765
3853,TRAIN/DR7/MBBR0/SI1685.WAV.wav,TRAIN/DR7/MBBR0/SI1685.PHN,40,147875,147835
3854,TRAIN/DR7/MBBR0/SI2315.WAV.wav,TRAIN/DR7/MBBR0/SI2315.PHN,26,147901,147875
3855,TRAIN/DR7/MBBR0/SX155.WAV.wav,TRAIN/DR7/MBBR0/SX155.PHN,43,147944,147901
3856,TRAIN/DR7/MBBR0/SX245.WAV.wav,TRAIN/DR7/MBBR0/SX245.PHN,29,147973,147944
3857,TRAIN/DR7/MBBR0/SX335.WAV.wav,TRAIN/DR7/MBBR0/SX335.PHN,58,148031,147973
3858,TRAIN/DR7/MBBR0/SX425.WAV.wav,TRAIN/DR7/MBBR0/SX425.PHN,26,148057,148031
3859,TRAIN/DR7/MBBR0/SX65.WAV.wav,TRAIN/DR7/MBBR0/SX65.PHN,32,148089,148057
3860,TRAIN/DR7/MBML0/SA1.WAV.wav,TRAIN/DR7/MBML0/SA1.PHN,41,148130,148089
3861,TRAIN/DR7/MBML0/SA2.WAV.wav,TRAIN/DR7/MBML0/SA2.PHN,34,148164,148130
3862,TRAIN/DR7/MBML0/SI1169.WAV.wav,TRAIN/DR7/MBML0/SI1169.PHN,20,148184,148164
3863,TRAIN/DR7/MBML0/SI1799.WAV.wav,TRAIN/DR7/MBML0/SI1799.PHN,30,148214,148184
3864,TRAIN/DR7/MBML0/SI539.WAV.wav,TRAIN/DR7/MBML0/SI539.PHN,36,148250,148214
3865,TRAIN/DR7/MBML0/SX179.WAV.wav,TRAIN/DR7/MBML0/SX179.PHN,37,148287,148250
3866,TRAIN/DR7/MBML0/SX269.WAV.wav,TRAIN/DR7/MBML0/SX269.PHN,28,148315,148287
3867,TRAIN/DR7/MBML0/SX359.WAV.wav,TRAIN/DR7/MBML0/SX359.PHN,46,148361,148315
3868,TRAIN/DR7/MBML0/SX449.WAV.wav,TRAIN/DR7/MBML0/SX449.PHN,47,148408,148361
3869,TRAIN/DR7/MBML0/SX89.WAV.wav,TRAIN/DR7/MBML0/SX89.PHN,34,148442,148408
3870,TRAIN/DR7/MBOM0/SA1.WAV.wav,TRAIN/DR7/MBOM0/SA1.PHN,40,148482,148442
3871,TRAIN/DR7/MBOM0/SA2.WAV.wav,TRAIN/DR7/MBOM0/SA2.PHN,35,148517,148482
3872,TRAIN/DR7/MBOM0/SI1014.WAV.wav,TRAIN/DR7/MBOM0/SI1014.PHN,55,148572,148517
3873,TRAIN/DR7/MBOM0/SI1644.WAV.wav,TRAIN/DR7/MBOM0/SI1644.PHN,30,148602,148572
3874,TRAIN/DR7/MBOM0/SI2274.WAV.wav,TRAIN/DR7/MBOM0/SI2274.PHN,38,148640,148602
3875,TRAIN/DR7/MBOM0/SX114.WAV.wav,TRAIN/DR7/MBOM0/SX114.PHN,37,148677,148640
3876,TRAIN/DR7/MBOM0/SX204.WAV.wav,TRAIN/DR7/MBOM0/SX204.PHN,32,148709,148677
3877,TRAIN/DR7/MBOM0/SX294.WAV.wav,TRAIN/DR7/MBOM0/SX294.PHN,29,148738,148709
3878,TRAIN/DR7/MBOM0/SX311.WAV.wav,TRAIN/DR7/MBOM0/SX311.PHN,56,148794,148738
3879,TRAIN/DR7/MBOM0/SX384.WAV.wav,TRAIN/DR7/MBOM0/SX384.PHN,23,148817,148794
3880,TRAIN/DR7/MBTH0/SA1.WAV.wav,TRAIN/DR7/MBTH0/SA1.PHN,40,148857,148817
3881,TRAIN/DR7/MBTH0/SA2.WAV.wav,TRAIN/DR7/MBTH0/SA2.PHN,33,148890,148857
3882,TRAIN/DR7/MBTH0/SI2102.WAV.wav,TRAIN/DR7/MBTH0/SI2102.PHN,60,148950,148890
3883,TRAIN/DR7/MBTH0/SI505.WAV.wav,TRAIN/DR7/MBTH0/SI505.PHN,36,148986,148950
3884,TRAIN/DR7/MBTH0/SI757.WAV.wav,TRAIN/DR7/MBTH0/SI757.PHN,21,149007,148986
3885,TRAIN/DR7/MBTH0/SX122.WAV.wav,TRAIN/DR7/MBTH0/SX122.PHN,49,149056,149007
3886,TRAIN/DR7/MBTH0/SX212.WAV.wav,TRAIN/DR7/MBTH0/SX212.PHN,45,149101,149056
3887,TRAIN/DR7/MBTH0/SX302.WAV.wav,TRAIN/DR7/MBTH0/SX302.PHN,31,149132,149101
3888,TRAIN/DR7/MBTH0/SX32.WAV.wav,TRAIN/DR7/MBTH0/SX32.PHN,37,149169,149132
3889,TRAIN/DR7/MBTH0/SX392.WAV.wav,TRAIN/DR7/MBTH0/SX392.PHN,42,149211,149169
3890,TRAIN/DR7/MCLK0/SA1.WAV.wav,TRAIN/DR7/MCLK0/SA1.PHN,41,149252,149211
3891,TRAIN/DR7/MCLK0/SA2.WAV.wav,TRAIN/DR7/MCLK0/SA2.PHN,32,149284,149252
3892,TRAIN/DR7/MCLK0/SI1660.WAV.wav,TRAIN/DR7/MCLK0/SI1660.PHN,19,149303,149284
3893,TRAIN/DR7/MCLK0/SI2290.WAV.wav,TRAIN/DR7/MCLK0/SI2290.PHN,57,149360,149303
3894,TRAIN/DR7/MCLK0/SI650.WAV.wav,TRAIN/DR7/MCLK0/SI650.PHN,60,149420,149360
3895,TRAIN/DR7/MCLK0/SX130.WAV.wav,TRAIN/DR7/MCLK0/SX130.PHN,35,149455,149420
3896,TRAIN/DR7/MCLK0/SX220.WAV.wav,TRAIN/DR7/MCLK0/SX220.PHN,49,149504,149455
3897,TRAIN/DR7/MCLK0/SX310.WAV.wav,TRAIN/DR7/MCLK0/SX310.PHN,34,149538,149504
3898,TRAIN/DR7/MCLK0/SX40.WAV.wav,TRAIN/DR7/MCLK0/SX40.PHN,48,149586,149538
3899,TRAIN/DR7/MCLK0/SX400.WAV.wav,TRAIN/DR7/MCLK0/SX400.PHN,38,149624,149586
3900,TRAIN/DR7/MCRE0/SA1.WAV.wav,TRAIN/DR7/MCRE0/SA1.PHN,39,149663,149624
3901,TRAIN/DR7/MCRE0/SA2.WAV.wav,TRAIN/DR7/MCRE0/SA2.PHN,31,149694,149663
3902,TRAIN/DR7/MCRE0/SI1121.WAV.wav,TRAIN/DR7/MCRE0/SI1121.PHN,49,149743,149694
3903,TRAIN/DR7/MCRE0/SI1725.WAV.wav,TRAIN/DR7/MCRE0/SI1725.PHN,16,149759,149743
3904,TRAIN/DR7/MCRE0/SI1751.WAV.wav,TRAIN/DR7/MCRE0/SI1751.PHN,47,149806,149759
3905,TRAIN/DR7/MCRE0/SX131.WAV.wav,TRAIN/DR7/MCRE0/SX131.PHN,34,149840,149806
3906,TRAIN/DR7/MCRE0/SX221.WAV.wav,TRAIN/DR7/MCRE0/SX221.PHN,42,149882,149840
3907,TRAIN/DR7/MCRE0/SX24.WAV.wav,TRAIN/DR7/MCRE0/SX24.PHN,21,149903,149882
3908,TRAIN/DR7/MCRE0/SX401.WAV.wav,TRAIN/DR7/MCRE0/SX401.PHN,39,149942,149903
3909,TRAIN/DR7/MCRE0/SX41.WAV.wav,TRAIN/DR7/MCRE0/SX41.PHN,50,149992,149942
3910,TRAIN/DR7/MCTH0/SA1.WAV.wav,TRAIN/DR7/MCTH0/SA1.PHN,40,150032,149992
3911,TRAIN/DR7/MCTH0/SA2.WAV.wav,TRAIN/DR7/MCTH0/SA2.PHN,35,150067,150032
3912,TRAIN/DR7/MCTH0/SI1209.WAV.wav,TRAIN/DR7/MCTH0/SI1209.PHN,41,150108,150067
3913,TRAIN/DR7/MCTH0/SI1839.WAV.wav,TRAIN/DR7/MCTH0/SI1839.PHN,33,150141,150108
3914,TRAIN/DR7/MCTH0/SI579.WAV.wav,TRAIN/DR7/MCTH0/SI579.PHN,41,150182,150141
3915,TRAIN/DR7/MCTH0/SX129.WAV.wav,TRAIN/DR7/MCTH0/SX129.PHN,29,150211,150182
3916,TRAIN/DR7/MCTH0/SX219.WAV.wav,TRAIN/DR7/MCTH0/SX219.PHN,43,150254,150211
3917,TRAIN/DR7/MCTH0/SX309.WAV.wav,TRAIN/DR7/MCTH0/SX309.PHN,44,150298,150254
3918,TRAIN/DR7/MCTH0/SX39.WAV.wav,TRAIN/DR7/MCTH0/SX39.PHN,41,150339,150298
3919,TRAIN/DR7/MCTH0/SX399.WAV.wav,TRAIN/DR7/MCTH0/SX399.PHN,31,150370,150339
3920,TRAIN/DR7/MDCM0/SA1.WAV.wav,TRAIN/DR7/MDCM0/SA1.PHN,39,150409,150370
3921,TRAIN/DR7/MDCM0/SA2.WAV.wav,TRAIN/DR7/MDCM0/SA2.PHN,33,150442,150409
3922,TRAIN/DR7/MDCM0/SI1480.WAV.wav,TRAIN/DR7/MDCM0/SI1480.PHN,61,150503,150442
3923,TRAIN/DR7/MDCM0/SI2110.WAV.wav,TRAIN/DR7/MDCM0/SI2110.PHN,39,150542,150503
3924,TRAIN/DR7/MDCM0/SI850.WAV.wav,TRAIN/DR7/MDCM0/SI850.PHN,38,150580,150542
3925,TRAIN/DR7/MDCM0/SX130.WAV.wav,TRAIN/DR7/MDCM0/SX130.PHN,32,150612,150580
3926,TRAIN/DR7/MDCM0/SX220.WAV.wav,TRAIN/DR7/MDCM0/SX220.PHN,47,150659,150612
3927,TRAIN/DR7/MDCM0/SX310.WAV.wav,TRAIN/DR7/MDCM0/SX310.PHN,34,150693,150659
3928,TRAIN/DR7/MDCM0/SX40.WAV.wav,TRAIN/DR7/MDCM0/SX40.PHN,45,150738,150693
3929,TRAIN/DR7/MDCM0/SX400.WAV.wav,TRAIN/DR7/MDCM0/SX400.PHN,37,150775,150738
3930,TRAIN/DR7/MDED0/SA1.WAV.wav,TRAIN/DR7/MDED0/SA1.PHN,39,150814,150775
3931,TRAIN/DR7/MDED0/SA2.WAV.wav,TRAIN/DR7/MDED0/SA2.PHN,35,150849,150814
3932,TRAIN/DR7/MDED0/SI1170.WAV.wav,TRAIN/DR7/MDED0/SI1170.PHN,33,150882,150849
3933,TRAIN/DR7/MDED0/SI1800.WAV.wav,TRAIN/DR7/MDED0/SI1800.PHN,32,150914,150882
3934,TRAIN/DR7/MDED0/SI540.WAV.wav,TRAIN/DR7/MDED0/SI540.PHN,62,150976,150914
3935,TRAIN/DR7/MDED0/SX180.WAV.wav,TRAIN/DR7/MDED0/SX180.PHN,38,151014,150976
3936,TRAIN/DR7/MDED0/SX270.WAV.wav,TRAIN/DR7/MDED0/SX270.PHN,33,151047,151014
3937,TRAIN/DR7/MDED0/SX360.WAV.wav,TRAIN/DR7/MDED0/SX360.PHN,32,151079,151047
3938,TRAIN/DR7/MDED0/SX450.WAV.wav,TRAIN/DR7/MDED0/SX450.PHN,45,151124,151079
3939,TRAIN/DR7/MDED0/SX90.WAV.wav,TRAIN/DR7/MDED0/SX90.PHN,25,151149,151124
3940,TRAIN/DR7/MDKS0/SA1.WAV.wav,TRAIN/DR7/MDKS0/SA1.PHN,40,151189,151149
3941,TRAIN/DR7/MDKS0/SA2.WAV.wav,TRAIN/DR7/MDKS0/SA2.PHN,36,151225,151189
3942,TRAIN/DR7/MDKS0/SI1066.WAV.wav,TRAIN/DR7/MDKS0/SI1066.PHN,23,151248,151225
3943,TRAIN/DR7/MDKS0/SI1696.WAV.wav,TRAIN/DR7/MDKS0/SI1696.PHN,29,151277,151248
3944,TRAIN/DR7/MDKS0/SI2326.WAV.wav,TRAIN/DR7/MDKS0/SI2326.PHN,41,151318,151277
3945,TRAIN/DR7/MDKS0/SX166.WAV.wav,TRAIN/DR7/MDKS0/SX166.PHN,62,151380,151318
3946,TRAIN/DR7/MDKS0/SX256.WAV.wav,TRAIN/DR7/MDKS0/SX256.PHN,35,151415,151380
3947,TRAIN/DR7/MDKS0/SX346.WAV.wav,TRAIN/DR7/MDKS0/SX346.PHN,49,151464,151415
3948,TRAIN/DR7/MDKS0/SX436.WAV.wav,TRAIN/DR7/MDKS0/SX436.PHN,23,151487,151464
3949,TRAIN/DR7/MDKS0/SX76.WAV.wav,TRAIN/DR7/MDKS0/SX76.PHN,43,151530,151487
3950,TRAIN/DR7/MDLC1/SA1.WAV.wav,TRAIN/DR7/MDLC1/SA1.PHN,42,151572,151530
3951,TRAIN/DR7/MDLC1/SA2.WAV.wav,TRAIN/DR7/MDLC1/SA2.PHN,32,151604,151572
3952,TRAIN/DR7/MDLC1/SI1435.WAV.wav,TRAIN/DR7/MDLC1/SI1435.PHN,65,151669,151604
3953,TRAIN/DR7/MDLC1/SI2065.WAV.wav,TRAIN/DR7/MDLC1/SI2065.PHN,60,151729,151669
3954,TRAIN/DR7/MDLC1/SI2144.WAV.wav,TRAIN/DR7/MDLC1/SI2144.PHN,21,151750,151729
3955,TRAIN/DR7/MDLC1/SX175.WAV.wav,TRAIN/DR7/MDLC1/SX175.PHN,57,151807,151750
3956,TRAIN/DR7/MDLC1/SX265.WAV.wav,TRAIN/DR7/MDLC1/SX265.PHN,38,151845,151807
3957,TRAIN/DR7/MDLC1/SX355.WAV.wav,TRAIN/DR7/MDLC1/SX355.PHN,32,151877,151845
3958,TRAIN/DR7/MDLC1/SX445.WAV.wav,TRAIN/DR7/MDLC1/SX445.PHN,35,151912,151877
3959,TRAIN/DR7/MDLC1/SX85.WAV.wav,TRAIN/DR7/MDLC1/SX85.PHN,35,151947,151912
3960,TRAIN/DR7/MDLM0/SA1.WAV.wav,TRAIN/DR7/MDLM0/SA1.PHN,39,151986,151947
3961,TRAIN/DR7/MDLM0/SA2.WAV.wav,TRAIN/DR7/MDLM0/SA2.PHN,31,152017,151986
3962,TRAIN/DR7/MDLM0/SI1234.WAV.wav,TRAIN/DR7/MDLM0/SI1234.PHN,35,152052,152017
3963,TRAIN/DR7/MDLM0/SI1864.WAV.wav,TRAIN/DR7/MDLM0/SI1864.PHN,19,152071,152052
3964,TRAIN/DR7/MDLM0/SI604.WAV.wav,TRAIN/DR7/MDLM0/SI604.PHN,57,152128,152071
3965,TRAIN/DR7/MDLM0/SX154.WAV.wav,TRAIN/DR7/MDLM0/SX154.PHN,33,152161,152128
3966,TRAIN/DR7/MDLM0/SX244.WAV.wav,TRAIN/DR7/MDLM0/SX244.PHN,42,152203,152161
3967,TRAIN/DR7/MDLM0/SX334.WAV.wav,TRAIN/DR7/MDLM0/SX334.PHN,29,152232,152203
3968,TRAIN/DR7/MDLM0/SX424.WAV.wav,TRAIN/DR7/MDLM0/SX424.PHN,35,152267,152232
3969,TRAIN/DR7/MDLM0/SX64.WAV.wav,TRAIN/DR7/MDLM0/SX64.PHN,35,152302,152267
3970,TRAIN/DR7/MDLR0/SA1.WAV.wav,TRAIN/DR7/MDLR0/SA1.PHN,41,152343,152302
3971,TRAIN/DR7/MDLR0/SA2.WAV.wav,TRAIN/DR7/MDLR0/SA2.PHN,34,152377,152343
3972,TRAIN/DR7/MDLR0/SI1233.WAV.wav,TRAIN/DR7/MDLR0/SI1233.PHN,64,152441,152377
3973,TRAIN/DR7/MDLR0/SI1863.WAV.wav,TRAIN/DR7/MDLR0/SI1863.PHN,36,152477,152441
3974,TRAIN/DR7/MDLR0/SI603.WAV.wav,TRAIN/DR7/MDLR0/SI603.PHN,20,152497,152477
3975,TRAIN/DR7/MDLR0/SX153.WAV.wav,TRAIN/DR7/MDLR0/SX153.PHN,49,152546,152497
3976,TRAIN/DR7/MDLR0/SX243.WAV.wav,TRAIN/DR7/MDLR0/SX243.PHN,43,152589,152546
3977,TRAIN/DR7/MDLR0/SX333.WAV.wav,TRAIN/DR7/MDLR0/SX333.PHN,52,152641,152589
3978,TRAIN/DR7/MDLR0/SX423.WAV.wav,TRAIN/DR7/MDLR0/SX423.PHN,47,152688,152641
3979,TRAIN/DR7/MDLR0/SX63.WAV.wav,TRAIN/DR7/MDLR0/SX63.PHN,36,152724,152688
3980,TRAIN/DR7/MDLR1/SA1.WAV.wav,TRAIN/DR7/MDLR1/SA1.PHN,41,152765,152724
3981,TRAIN/DR7/MDLR1/SA2.WAV.wav,TRAIN/DR7/MDLR1/SA2.PHN,31,152796,152765
3982,TRAIN/DR7/MDLR1/SI1299.WAV.wav,TRAIN/DR7/MDLR1/SI1299.PHN,39,152835,152796
3983,TRAIN/DR7/MDLR1/SI1929.WAV.wav,TRAIN/DR7/MDLR1/SI1929.PHN,29,152864,152835
3984,TRAIN/DR7/MDLR1/SI669.WAV.wav,TRAIN/DR7/MDLR1/SI669.PHN,56,152920,152864
3985,TRAIN/DR7/MDLR1/SX129.WAV.wav,TRAIN/DR7/MDLR1/SX129.PHN,30,152950,152920
3986,TRAIN/DR7/MDLR1/SX219.WAV.wav,TRAIN/DR7/MDLR1/SX219.PHN,43,152993,152950
3987,TRAIN/DR7/MDLR1/SX309.WAV.wav,TRAIN/DR7/MDLR1/SX309.PHN,44,153037,152993
3988,TRAIN/DR7/MDLR1/SX39.WAV.wav,TRAIN/DR7/MDLR1/SX39.PHN,42,153079,153037
3989,TRAIN/DR7/MDLR1/SX399.WAV.wav,TRAIN/DR7/MDLR1/SX399.PHN,31,153110,153079
3990,TRAIN/DR7/MDPB0/SA1.WAV.wav,TRAIN/DR7/MDPB0/SA1.PHN,38,153148,153110
3991,TRAIN/DR7/MDPB0/SA2.WAV.wav,TRAIN/DR7/MDPB0/SA2.PHN,32,153180,153148
3992,TRAIN/DR7/MDPB0/SI1760.WAV.wav,TRAIN/DR7/MDPB0/SI1760.PHN,53,153233,153180
3993,TRAIN/DR7/MDPB0/SI2126.WAV.wav,TRAIN/DR7/MDPB0/SI2126.PHN,39,153272,153233
3994,TRAIN/DR7/MDPB0/SI866.WAV.wav,TRAIN/DR7/MDPB0/SI866.PHN,59,153331,153272
3995,TRAIN/DR7/MDPB0/SX146.WAV.wav,TRAIN/DR7/MDPB0/SX146.PHN,37,153368,153331
3996,TRAIN/DR7/MDPB0/SX236.WAV.wav,TRAIN/DR7/MDPB0/SX236.PHN,34,153402,153368
3997,TRAIN/DR7/MDPB0/SX326.WAV.wav,TRAIN/DR7/MDPB0/SX326.PHN,27,153429,153402
3998,TRAIN/DR7/MDPB0/SX416.WAV.wav,TRAIN/DR7/MDPB0/SX416.PHN,29,153458,153429
3999,TRAIN/DR7/MDPB0/SX56.WAV.wav,TRAIN/DR7/MDPB0/SX56.PHN,42,153500,153458
4000,TRAIN/DR7/MFXS0/SA1.WAV.wav,TRAIN/DR7/MFXS0/SA1.PHN,40,153540,153500
4001,TRAIN/DR7/MFXS0/SA2.WAV.wav,TRAIN/DR7/MFXS0/SA2.PHN,34,153574,153540
4002,TRAIN/DR7/MFXS0/SI1674.WAV.wav,TRAIN/DR7/MFXS0/SI1674.PHN,37,153611,153574
4003,TRAIN/DR7/MFXS0/SI2225.WAV.wav,TRAIN/DR7/MFXS0/SI2225.PHN,17,153628,153611
4004,TRAIN/DR7/MFXS0/SI2304.WAV.wav,TRAIN/DR7/MFXS0/SI2304.PHN,37,153665,153628
4005,TRAIN/DR7/MFXS0/SX144.WAV.wav,TRAIN/DR7/MFXS0/SX144.PHN,34,153699,153665
4006,TRAIN/DR7/MFXS0/SX234.WAV.wav,TRAIN/DR7/MFXS0/SX234.PHN,37,153736,153699
4007,TRAIN/DR7/MFXS0/SX324.WAV.wav,TRAIN/DR7/MFXS0/SX324.PHN,68,153804,153736
4008,TRAIN/DR7/MFXS0/SX414.WAV.wav,TRAIN/DR7/MFXS0/SX414.PHN,45,153849,153804
4009,TRAIN/DR7/MFXS0/SX54.WAV.wav,TRAIN/DR7/MFXS0/SX54.PHN,48,153897,153849
4010,TRAIN/DR7/MFXV0/SA1.WAV.wav,TRAIN/DR7/MFXV0/SA1.PHN,42,153939,153897
4011,TRAIN/DR7/MFXV0/SA2.WAV.wav,TRAIN/DR7/MFXV0/SA2.PHN,33,153972,153939
4012,TRAIN/DR7/MFXV0/SI1005.WAV.wav,TRAIN/DR7/MFXV0/SI1005.PHN,54,154026,153972
4013,TRAIN/DR7/MFXV0/SI1342.WAV.wav,TRAIN/DR7/MFXV0/SI1342.PHN,67,154093,154026
4014,TRAIN/DR7/MFXV0/SI1635.WAV.wav,TRAIN/DR7/MFXV0/SI1635.PHN,36,154129,154093
4015,TRAIN/DR7/MFXV0/SX105.WAV.wav,TRAIN/DR7/MFXV0/SX105.PHN,34,154163,154129
4016,TRAIN/DR7/MFXV0/SX15.WAV.wav,TRAIN/DR7/MFXV0/SX15.PHN,34,154197,154163
4017,TRAIN/DR7/MFXV0/SX195.WAV.wav,TRAIN/DR7/MFXV0/SX195.PHN,24,154221,154197
4018,TRAIN/DR7/MFXV0/SX285.WAV.wav,TRAIN/DR7/MFXV0/SX285.PHN,36,154257,154221
4019,TRAIN/DR7/MFXV0/SX375.WAV.wav,TRAIN/DR7/MFXV0/SX375.PHN,42,154299,154257
4020,TRAIN/DR7/MGAK0/SA1.WAV.wav,TRAIN/DR7/MGAK0/SA1.PHN,41,154340,154299
4021,TRAIN/DR7/MGAK0/SA2.WAV.wav,TRAIN/DR7/MGAK0/SA2.PHN,34,154374,154340
4022,TRAIN/DR7/MGAK0/SI1036.WAV.wav,TRAIN/DR7/MGAK0/SI1036.PHN,60,154434,154374
4023,TRAIN/DR7/MGAK0/SI1666.WAV.wav,TRAIN/DR7/MGAK0/SI1666.PHN,35,154469,154434
4024,TRAIN/DR7/MGAK0/SI2296.WAV.wav,TRAIN/DR7/MGAK0/SI2296.PHN,35,154504,154469
4025,TRAIN/DR7/MGAK0/SX136.WAV.wav,TRAIN/DR7/MGAK0/SX136.PHN,57,154561,154504
4026,TRAIN/DR7/MGAK0/SX226.WAV.wav,TRAIN/DR7/MGAK0/SX226.PHN,41,154602,154561
4027,TRAIN/DR7/MGAK0/SX316.WAV.wav,TRAIN/DR7/MGAK0/SX316.PHN,29,154631,154602
4028,TRAIN/DR7/MGAK0/SX406.WAV.wav,TRAIN/DR7/MGAK0/SX406.PHN,50,154681,154631
4029,TRAIN/DR7/MGAK0/SX46.WAV.wav,TRAIN/DR7/MGAK0/SX46.PHN,31,154712,154681
4030,TRAIN/DR7/MGAR0/SA1.WAV.wav,TRAIN/DR7/MGAR0/SA1.PHN,41,154753,154712
4031,TRAIN/DR7/MGAR0/SA2.WAV.wav,TRAIN/DR7/MGAR0/SA2.PHN,34,154787,154753
4032,TRAIN/DR7/MGAR0/SI1212.WAV.wav,TRAIN/DR7/MGAR0/SI1212.PHN,42,154829,154787
4033,TRAIN/DR7/MGAR0/SI1694.WAV.wav,TRAIN/DR7/MGAR0/SI1694.PHN,28,154857,154829
4034,TRAIN/DR7/MGAR0/SI1842.WAV.wav,TRAIN/DR7/MGAR0/SI1842.PHN,24,154881,154857
4035,TRAIN/DR7/MGAR0/SX132.WAV.wav,TRAIN/DR7/MGAR0/SX132.PHN,37,154918,154881
4036,TRAIN/DR7/MGAR0/SX222.WAV.wav,TRAIN/DR7/MGAR0/SX222.PHN,42,154960,154918
4037,TRAIN/DR7/MGAR0/SX312.WAV.wav,TRAIN/DR7/MGAR0/SX312.PHN,54,155014,154960
4038,TRAIN/DR7/MGAR0/SX402.WAV.wav,TRAIN/DR7/MGAR0/SX402.PHN,33,155047,155014
4039,TRAIN/DR7/MGAR0/SX42.WAV.wav,TRAIN/DR7/MGAR0/SX42.PHN,31,155078,155047
4040,TRAIN/DR7/MGAW0/SA1.WAV.wav,TRAIN/DR7/MGAW0/SA1.PHN,39,155117,155078
4041,TRAIN/DR7/MGAW0/SA2.WAV.wav,TRAIN/DR7/MGAW0/SA2.PHN,35,155152,155117
4042,TRAIN/DR7/MGAW0/SI1165.WAV.wav,TRAIN/DR7/MGAW0/SI1165.PHN,66,155218,155152
4043,TRAIN/DR7/MGAW0/SI1802.WAV.wav,TRAIN/DR7/MGAW0/SI1802.PHN,59,155277,155218
4044,TRAIN/DR7/MGAW0/SI535.WAV.wav,TRAIN/DR7/MGAW0/SI535.PHN,28,155305,155277
4045,TRAIN/DR7/MGAW0/SX175.WAV.wav,TRAIN/DR7/MGAW0/SX175.PHN,53,155358,155305
4046,TRAIN/DR7/MGAW0/SX265.WAV.wav,TRAIN/DR7/MGAW0/SX265.PHN,36,155394,155358
4047,TRAIN/DR7/MGAW0/SX355.WAV.wav,TRAIN/DR7/MGAW0/SX355.PHN,33,155427,155394
4048,TRAIN/DR7/MGAW0/SX445.WAV.wav,TRAIN/DR7/MGAW0/SX445.PHN,32,155459,155427
4049,TRAIN/DR7/MGAW0/SX85.WAV.wav,TRAIN/DR7/MGAW0/SX85.PHN,32,155491,155459
4050,TRAIN/DR7/MGSL0/SA1.WAV.wav,TRAIN/DR7/MGSL0/SA1.PHN,40,155531,155491
4051,TRAIN/DR7/MGSL0/SA2.WAV.wav,TRAIN/DR7/MGSL0/SA2.PHN,36,155567,155531
4052,TRAIN/DR7/MGSL0/SI1164.WAV.wav,TRAIN/DR7/MGSL0/SI1164.PHN,33,155600,155567
4053,TRAIN/DR7/MGSL0/SI534.WAV.wav,TRAIN/DR7/MGSL0/SI534.PHN,24,155624,155600
4054,TRAIN/DR7/MGSL0/SI797.WAV.wav,TRAIN/DR7/MGSL0/SI797.PHN,66,155690,155624
4055,TRAIN/DR7/MGSL0/SX174.WAV.wav,TRAIN/DR7/MGSL0/SX174.PHN,53,155743,155690
4056,TRAIN/DR7/MGSL0/SX264.WAV.wav,TRAIN/DR7/MGSL0/SX264.PHN,27,155770,155743
4057,TRAIN/DR7/MGSL0/SX354.WAV.wav,TRAIN/DR7/MGSL0/SX354.PHN,31,155801,155770
4058,TRAIN/DR7/MGSL0/SX444.WAV.wav,TRAIN/DR7/MGSL0/SX444.PHN,37,155838,155801
4059,TRAIN/DR7/MGSL0/SX84.WAV.wav,TRAIN/DR7/MGSL0/SX84.PHN,48,155886,155838
4060,TRAIN/DR7/MHBS0/SA1.WAV.wav,TRAIN/DR7/MHBS0/SA1.PHN,40,155926,155886
4061,TRAIN/DR7/MHBS0/SA2.WAV.wav,TRAIN/DR7/MHBS0/SA2.PHN,32,155958,155926
4062,TRAIN/DR7/MHBS0/SI1575.WAV.wav,TRAIN/DR7/MHBS0/SI1575.PHN,37,155995,155958
4063,TRAIN/DR7/MHBS0/SI2205.WAV.wav,TRAIN/DR7/MHBS0/SI2205.PHN,33,156028,155995
4064,TRAIN/DR7/MHBS0/SI945.WAV.wav,TRAIN/DR7/MHBS0/SI945.PHN,61,156089,156028
4065,TRAIN/DR7/MHBS0/SX135.WAV.wav,TRAIN/DR7/MHBS0/SX135.PHN,44,156133,156089
4066,TRAIN/DR7/MHBS0/SX225.WAV.wav,TRAIN/DR7/MHBS0/SX225.PHN,26,156159,156133
4067,TRAIN/DR7/MHBS0/SX315.WAV.wav,TRAIN/DR7/MHBS0/SX315.PHN,28,156187,156159
4068,TRAIN/DR7/MHBS0/SX405.WAV.wav,TRAIN/DR7/MHBS0/SX405.PHN,37,156224,156187
4069,TRAIN/DR7/MHBS0/SX45.WAV.wav,TRAIN/DR7/MHBS0/SX45.PHN,34,156258,156224
4070,TRAIN/DR7/MHXL0/SA1.WAV.wav,TRAIN/DR7/MHXL0/SA1.PHN,39,156297,156258
4071,TRAIN/DR7/MHXL0/SA2.WAV.wav,TRAIN/DR7/MHXL0/SA2.PHN,33,156330,156297
4072,TRAIN/DR7/MHXL0/SI1772.WAV.wav,TRAIN/DR7/MHXL0/SI1772.PHN,34,156364,156330
4073,TRAIN/DR7/MHXL0/SI512.WAV.wav,TRAIN/DR7/MHXL0/SI512.PHN,37,156401,156364
4074,TRAIN/DR7/MHXL0/SI612.WAV.wav,TRAIN/DR7/MHXL0/SI612.PHN,26,156427,156401
4075,TRAIN/DR7/MHXL0/SX152.WAV.wav,TRAIN/DR7/MHXL0/SX152.PHN,40,156467,156427
4076,TRAIN/DR7/MHXL0/SX242.WAV.wav,TRAIN/DR7/MHXL0/SX242.PHN,36,156503,156467
4077,TRAIN/DR7/MHXL0/SX332.WAV.wav,TRAIN/DR7/MHXL0/SX332.PHN,41,156544,156503
4078,TRAIN/DR7/MHXL0/SX422.WAV.wav,TRAIN/DR7/MHXL0/SX422.PHN,41,156585,156544
4079,TRAIN/DR7/MHXL0/SX62.WAV.wav,TRAIN/DR7/MHXL0/SX62.PHN,45,156630,156585
4080,TRAIN/DR7/MJAI0/SA1.WAV.wav,TRAIN/DR7/MJAI0/SA1.PHN,42,156672,156630
4081,TRAIN/DR7/MJAI0/SA2.WAV.wav,TRAIN/DR7/MJAI0/SA2.PHN,32,156704,156672
4082,TRAIN/DR7/MJAI0/SI1604.WAV.wav,TRAIN/DR7/MJAI0/SI1604.PHN,30,156734,156704
4083,TRAIN/DR7/MJAI0/SI682.WAV.wav,TRAIN/DR7/MJAI0/SI682.PHN,71,156805,156734
4084,TRAIN/DR7/MJAI0/SI710.WAV.wav,TRAIN/DR7/MJAI0/SI710.PHN,60,156865,156805
4085,TRAIN/DR7/MJAI0/SX164.WAV.wav,TRAIN/DR7/MJAI0/SX164.PHN,44,156909,156865
4086,TRAIN/DR7/MJAI0/SX254.WAV.wav,TRAIN/DR7/MJAI0/SX254.PHN,22,156931,156909
4087,TRAIN/DR7/MJAI0/SX344.WAV.wav,TRAIN/DR7/MJAI0/SX344.PHN,26,156957,156931
4088,TRAIN/DR7/MJAI0/SX434.WAV.wav,TRAIN/DR7/MJAI0/SX434.PHN,29,156986,156957
4089,TRAIN/DR7/MJAI0/SX74.WAV.wav,TRAIN/DR7/MJAI0/SX74.PHN,34,157020,156986
4090,TRAIN/DR7/MJDG0/SA1.WAV.wav,TRAIN/DR7/MJDG0/SA1.PHN,42,157062,157020
4091,TRAIN/DR7/MJDG0/SA2.WAV.wav,TRAIN/DR7/MJDG0/SA2.PHN,38,157100,157062
4092,TRAIN/DR7/MJDG0/SI1042.WAV.wav,TRAIN/DR7/MJDG0/SI1042.PHN,36,157136,157100
4093,TRAIN/DR7/MJDG0/SI1672.WAV.wav,TRAIN/DR7/MJDG0/SI1672.PHN,50,157186,157136
4094,TRAIN/DR7/MJDG0/SI1705.WAV.wav,TRAIN/DR7/MJDG0/SI1705.PHN,27,157213,157186
4095,TRAIN/DR7/MJDG0/SX142.WAV.wav,TRAIN/DR7/MJDG0/SX142.PHN,46,157259,157213
4096,TRAIN/DR7/MJDG0/SX232.WAV.wav,TRAIN/DR7/MJDG0/SX232.PHN,48,157307,157259
4097,TRAIN/DR7/MJDG0/SX322.WAV.wav,TRAIN/DR7/MJDG0/SX322.PHN,32,157339,157307
4098,TRAIN/DR7/MJDG0/SX412.WAV.wav,TRAIN/DR7/MJDG0/SX412.PHN,44,157383,157339
4099,TRAIN/DR7/MJDG0/SX52.WAV.wav,TRAIN/DR7/MJDG0/SX52.PHN,46,157429,157383
4100,TRAIN/DR7/MJFR0/SA1.WAV.wav,TRAIN/DR7/MJFR0/SA1.PHN,40,157469,157429
4101,TRAIN/DR7/MJFR0/SA2.WAV.wav,TRAIN/DR7/MJFR0/SA2.PHN,36,157505,157469
4102,TRAIN/DR7/MJFR0/SI1605.WAV.wav,TRAIN/DR7/MJFR0/SI1605.PHN,37,157542,157505
4103,TRAIN/DR7/MJFR0/SI2235.WAV.wav,TRAIN/DR7/MJFR0/SI2235.PHN,33,157575,157542
4104,TRAIN/DR7/MJFR0/SI975.WAV.wav,TRAIN/DR7/MJFR0/SI975.PHN,41,157616,157575
4105,TRAIN/DR7/MJFR0/SX165.WAV.wav,TRAIN/DR7/MJFR0/SX165.PHN,40,157656,157616
4106,TRAIN/DR7/MJFR0/SX255.WAV.wav,TRAIN/DR7/MJFR0/SX255.PHN,37,157693,157656
4107,TRAIN/DR7/MJFR0/SX345.WAV.wav,TRAIN/DR7/MJFR0/SX345.PHN,33,157726,157693
4108,TRAIN/DR7/MJFR0/SX435.WAV.wav,TRAIN/DR7/MJFR0/SX435.PHN,52,157778,157726
4109,TRAIN/DR7/MJFR0/SX75.WAV.wav,TRAIN/DR7/MJFR0/SX75.PHN,33,157811,157778
4110,TRAIN/DR7/MJJM0/SA1.WAV.wav,TRAIN/DR7/MJJM0/SA1.PHN,39,157850,157811
4111,TRAIN/DR7/MJJM0/SA2.WAV.wav,TRAIN/DR7/MJJM0/SA2.PHN,33,157883,157850
4112,TRAIN/DR7/MJJM0/SI1251.WAV.wav,TRAIN/DR7/MJJM0/SI1251.PHN,62,157945,157883
4113,TRAIN/DR7/MJJM0/SI1457.WAV.wav,TRAIN/DR7/MJJM0/SI1457.PHN,59,158004,157945
4114,TRAIN/DR7/MJJM0/SI827.WAV.wav,TRAIN/DR7/MJJM0/SI827.PHN,37,158041,158004
4115,TRAIN/DR7/MJJM0/SX107.WAV.wav,TRAIN/DR7/MJJM0/SX107.PHN,36,158077,158041
4116,TRAIN/DR7/MJJM0/SX17.WAV.wav,TRAIN/DR7/MJJM0/SX17.PHN,20,158097,158077
4117,TRAIN/DR7/MJJM0/SX197.WAV.wav,TRAIN/DR7/MJJM0/SX197.PHN,24,158121,158097
4118,TRAIN/DR7/MJJM0/SX287.WAV.wav,TRAIN/DR7/MJJM0/SX287.PHN,38,158159,158121
4119,TRAIN/DR7/MJJM0/SX377.WAV.wav,TRAIN/DR7/MJJM0/SX377.PHN,41,158200,158159
4120,TRAIN/DR7/MJRA0/SA1.WAV.wav,TRAIN/DR7/MJRA0/SA1.PHN,40,158240,158200
4121,TRAIN/DR7/MJRA0/SA2.WAV.wav,TRAIN/DR7/MJRA0/SA2.PHN,32,158272,158240
4122,TRAIN/DR7/MJRA0/SI1236.WAV.wav,TRAIN/DR7/MJRA0/SI1236.PHN,30,158302,158272
4123,TRAIN/DR7/MJRA0/SI1866.WAV.wav,TRAIN/DR7/MJRA0/SI1866.PHN,34,158336,158302
4124,TRAIN/DR7/MJRA0/SI606.WAV.wav,TRAIN/DR7/MJRA0/SI606.PHN,30,158366,158336
4125,TRAIN/DR7/MJRA0/SX156.WAV.wav,TRAIN/DR7/MJRA0/SX156.PHN,48,158414,158366
4126,TRAIN/DR7/MJRA0/SX246.WAV.wav,TRAIN/DR7/MJRA0/SX246.PHN,30,158444,158414
4127,TRAIN/DR7/MJRA0/SX336.WAV.wav,TRAIN/DR7/MJRA0/SX336.PHN,55,158499,158444
4128,TRAIN/DR7/MJRA0/SX426.WAV.wav,TRAIN/DR7/MJRA0/SX426.PHN,39,158538,158499
4129,TRAIN/DR7/MJRA0/SX66.WAV.wav,TRAIN/DR7/MJRA0/SX66.PHN,38,158576,158538
4130,TRAIN/DR7/MKAG0/SA1.WAV.wav,TRAIN/DR7/MKAG0/SA1.PHN,40,158616,158576
4131,TRAIN/DR7/MKAG0/SA2.WAV.wav,TRAIN/DR7/MKAG0/SA2.PHN,33,158649,158616
4132,TRAIN/DR7/MKAG0/SI1609.WAV.wav,TRAIN/DR7/MKAG0/SI1609.PHN,48,158697,158649
4133,TRAIN/DR7/MKAG0/SI2239.WAV.wav,TRAIN/DR7/MKAG0/SI2239.PHN,25,158722,158697
4134,TRAIN/DR7/MKAG0/SI979.WAV.wav,TRAIN/DR7/MKAG0/SI979.PHN,64,158786,158722
4135,TRAIN/DR7/MKAG0/SX169.WAV.wav,TRAIN/DR7/MKAG0/SX169.PHN,41,158827,158786
4136,TRAIN/DR7/MKAG0/SX259.WAV.wav,TRAIN/DR7/MKAG0/SX259.PHN,43,158870,158827
4137,TRAIN/DR7/MKAG0/SX30.WAV.wav,TRAIN/DR7/MKAG0/SX30.PHN,25,158895,158870
4138,TRAIN/DR7/MKAG0/SX439.WAV.wav,TRAIN/DR7/MKAG0/SX439.PHN,46,158941,158895
4139,TRAIN/DR7/MKAG0/SX79.WAV.wav,TRAIN/DR7/MKAG0/SX79.PHN,44,158985,158941
4140,TRAIN/DR7/MKDB0/SA1.WAV.wav,TRAIN/DR7/MKDB0/SA1.PHN,38,159023,158985
4141,TRAIN/DR7/MKDB0/SA2.WAV.wav,TRAIN/DR7/MKDB0/SA2.PHN,35,159058,159023
4142,TRAIN/DR7/MKDB0/SI2132.WAV.wav,TRAIN/DR7/MKDB0/SI2132.PHN,39,159097,159058
4143,TRAIN/DR7/MKDB0/SI588.WAV.wav,TRAIN/DR7/MKDB0/SI588.PHN,29,159126,159097
4144,TRAIN/DR7/MKDB0/SI872.WAV.wav,TRAIN/DR7/MKDB0/SI872.PHN,38,159164,159126
4145,TRAIN/DR7/MKDB0/SX152.WAV.wav,TRAIN/DR7/MKDB0/SX152.PHN,41,159205,159164
4146,TRAIN/DR7/MKDB0/SX242.WAV.wav,TRAIN/DR7/MKDB0/SX242.PHN,40,159245,159205
4147,TRAIN/DR7/MKDB0/SX332.WAV.wav,TRAIN/DR7/MKDB0/SX332.PHN,43,159288,159245
4148,TRAIN/DR7/MKDB0/SX422.WAV.wav,TRAIN/DR7/MKDB0/SX422.PHN,41,159329,159288
4149,TRAIN/DR7/MKDB0/SX62.WAV.wav,TRAIN/DR7/MKDB0/SX62.PHN,46,159375,159329
4150,TRAIN/DR7/MKLR0/SA1.WAV.wav,TRAIN/DR7/MKLR0/SA1.PHN,37,159412,159375
4151,TRAIN/DR7/MKLR0/SA2.WAV.wav,TRAIN/DR7/MKLR0/SA2.PHN,30,159442,159412
4152,TRAIN/DR7/MKLR0/SI1059.WAV.wav,TRAIN/DR7/MKLR0/SI1059.PHN,50,159492,159442
4153,TRAIN/DR7/MKLR0/SI1689.WAV.wav,TRAIN/DR7/MKLR0/SI1689.PHN,26,159518,159492
4154,TRAIN/DR7/MKLR0/SI2319.WAV.wav,TRAIN/DR7/MKLR0/SI2319.PHN,27,159545,159518
4155,TRAIN/DR7/MKLR0/SX159.WAV.wav,TRAIN/DR7/MKLR0/SX159.PHN,36,159581,159545
4156,TRAIN/DR7/MKLR0/SX249.WAV.wav,TRAIN/DR7/MKLR0/SX249.PHN,28,159609,159581
4157,TRAIN/DR7/MKLR0/SX339.WAV.wav,TRAIN/DR7/MKLR0/SX339.PHN,32,159641,159609
4158,TRAIN/DR7/MKLR0/SX429.WAV.wav,TRAIN/DR7/MKLR0/SX429.PHN,35,159676,159641
4159,TRAIN/DR7/MKLR0/SX69.WAV.wav,TRAIN/DR7/MKLR0/SX69.PHN,33,159709,159676
4160,TRAIN/DR7/MMDG0/SA1.WAV.wav,TRAIN/DR7/MMDG0/SA1.PHN,40,159749,159709
4161,TRAIN/DR7/MMDG0/SA2.WAV.wav,TRAIN/DR7/MMDG0/SA2.PHN,35,159784,159749
4162,TRAIN/DR7/MMDG0/SI1780.WAV.wav,TRAIN/DR7/MMDG0/SI1780.PHN,67,159851,159784
4163,TRAIN/DR7/MMDG0/SI2035.WAV.wav,TRAIN/DR7/MMDG0/SI2035.PHN,23,159874,159851
4164,TRAIN/DR7/MMDG0/SI520.WAV.wav,TRAIN/DR7/MMDG0/SI520.PHN,37,159911,159874
4165,TRAIN/DR7/MMDG0/SX160.WAV.wav,TRAIN/DR7/MMDG0/SX160.PHN,48,159959,159911
4166,TRAIN/DR7/MMDG0/SX250.WAV.wav,TRAIN/DR7/MMDG0/SX250.PHN,42,160001,159959
4167,TRAIN/DR7/MMDG0/SX340.WAV.wav,TRAIN/DR7/MMDG0/SX340.PHN,34,160035,160001
4168,TRAIN/DR7/MMDG0/SX430.WAV.wav,TRAIN/DR7/MMDG0/SX430.PHN,53,160088,160035
4169,TRAIN/DR7/MMDG0/SX70.WAV.wav,TRAIN/DR7/MMDG0/SX70.PHN,13,160101,160088
4170,TRAIN/DR7/MMWS1/SA1.WAV.wav,TRAIN/DR7/MMWS1/SA1.PHN,40,160141,160101
4171,TRAIN/DR7/MMWS1/SA2.WAV.wav,TRAIN/DR7/MMWS1/SA2.PHN,32,160173,160141
4172,TRAIN/DR7/MMWS1/SI1071.WAV.wav,TRAIN/DR7/MMWS1/SI1071.PHN,47,160220,160173
4173,TRAIN/DR7/MMWS1/SI1701.WAV.wav,TRAIN/DR7/MMWS1/SI1701.PHN,35,160255,160220
4174,TRAIN/DR7/MMWS1/SI2331.WAV.wav,TRAIN/DR7/MMWS1/SI2331.PHN,32,160287,160255
4175,TRAIN/DR7/MMWS1/SX261.WAV.wav,TRAIN/DR7/MMWS1/SX261.PHN,26,160313,160287
4176,TRAIN/DR7/MMWS1/SX27.WAV.wav,TRAIN/DR7/MMWS1/SX27.PHN,25,160338,160313
4177,TRAIN/DR7/MMWS1/SX351.WAV.wav,TRAIN/DR7/MMWS1/SX351.PHN,47,160385,160338
4178,TRAIN/DR7/MMWS1/SX441.WAV.wav,TRAIN/DR7/MMWS1/SX441.PHN,36,160421,160385
4179,TRAIN/DR7/MMWS1/SX81.WAV.wav,TRAIN/DR7/MMWS1/SX81.PHN,34,160455,160421
4180,TRAIN/DR7/MNTW0/SA1.WAV.wav,TRAIN/DR7/MNTW0/SA1.PHN,40,160495,160455
4181,TRAIN/DR7/MNTW0/SA2.WAV.wav,TRAIN/DR7/MNTW0/SA2.PHN,33,160528,160495
4182,TRAIN/DR7/MNTW0/SI1068.WAV.wav,TRAIN/DR7/MNTW0/SI1068.PHN,62,160590,160528
4183,TRAIN/DR7/MNTW0/SI1698.WAV.wav,TRAIN/DR7/MNTW0/SI1698.PHN,54,160644,160590
4184,TRAIN/DR7/MNTW0/SI2328.WAV.wav,TRAIN/DR7/MNTW0/SI2328.PHN,16,160660,160644
4185,TRAIN/DR7/MNTW0/SX168.WAV.wav,TRAIN/DR7/MNTW0/SX168.PHN,27,160687,160660
4186,TRAIN/DR7/MNTW0/SX202.WAV.wav,TRAIN/DR7/MNTW0/SX202.PHN,26,160713,160687
4187,TRAIN/DR7/MNTW0/SX258.WAV.wav,TRAIN/DR7/MNTW0/SX258.PHN,40,160753,160713
4188,TRAIN/DR7/MNTW0/SX348.WAV.wav,TRAIN/DR7/MNTW0/SX348.PHN,45,160798,160753
4189,TRAIN/DR7/MNTW0/SX78.WAV.wav,TRAIN/DR7/MNTW0/SX78.PHN,32,160830,160798
4190,TRAIN/DR7/MPAR0/SA1.WAV.wav,TRAIN/DR7/MPAR0/SA1.PHN,36,160866,160830
4191,TRAIN/DR7/MPAR0/SA2.WAV.wav,TRAIN/DR7/MPAR0/SA2.PHN,32,160898,160866
4192,TRAIN/DR7/MPAR0/SI1576.WAV.wav,TRAIN/DR7/MPAR0/SI1576.PHN,17,160915,160898
4193,TRAIN/DR7/MPAR0/SI2206.WAV.wav,TRAIN/DR7/MPAR0/SI2206.PHN,54,160969,160915
4194,TRAIN/DR7/MPAR0/SI946.WAV.wav,TRAIN/DR7/MPAR0/SI946.PHN,34,161003,160969
4195,TRAIN/DR7/MPAR0/SX136.WAV.wav,TRAIN/DR7/MPAR0/SX136.PHN,57,161060,161003
4196,TRAIN/DR7/MPAR0/SX226.WAV.wav,TRAIN/DR7/MPAR0/SX226.PHN,41,161101,161060
4197,TRAIN/DR7/MPAR0/SX316.WAV.wav,TRAIN/DR7/MPAR0/SX316.PHN,31,161132,161101
4198,TRAIN/DR7/MPAR0/SX406.WAV.wav,TRAIN/DR7/MPAR0/SX406.PHN,45,161177,161132
4199,TRAIN/DR7/MPAR0/SX46.WAV.wav,TRAIN/DR7/MPAR0/SX46.PHN,29,161206,161177
4200,TRAIN/DR7/MPFU0/SA1.WAV.wav,TRAIN/DR7/MPFU0/SA1.PHN,40,161246,161206
4201,TRAIN/DR7/MPFU0/SA2.WAV.wav,TRAIN/DR7/MPFU0/SA2.PHN,34,161280,161246
4202,TRAIN/DR7/MPFU0/SI1258.WAV.wav,TRAIN/DR7/MPFU0/SI1258.PHN,69,161349,161280
4203,TRAIN/DR7/MPFU0/SI1888.WAV.wav,TRAIN/DR7/MPFU0/SI1888.PHN,14,161363,161349
4204,TRAIN/DR7/MPFU0/SI628.WAV.wav,TRAIN/DR7/MPFU0/SI628.PHN,34,161397,161363
4205,TRAIN/DR7/MPFU0/SX178.WAV.wav,TRAIN/DR7/MPFU0/SX178.PHN,51,161448,161397
4206,TRAIN/DR7/MPFU0/SX268.WAV.wav,TRAIN/DR7/MPFU0/SX268.PHN,44,161492,161448
4207,TRAIN/DR7/MPFU0/SX358.WAV.wav,TRAIN/DR7/MPFU0/SX358.PHN,31,161523,161492
4208,TRAIN/DR7/MPFU0/SX448.WAV.wav,TRAIN/DR7/MPFU0/SX448.PHN,33,161556,161523
4209,TRAIN/DR7/MPFU0/SX88.WAV.wav,TRAIN/DR7/MPFU0/SX88.PHN,49,161605,161556
4210,TRAIN/DR7/MREM0/SA1.WAV.wav,TRAIN/DR7/MREM0/SA1.PHN,40,161645,161605
4211,TRAIN/DR7/MREM0/SA2.WAV.wav,TRAIN/DR7/MREM0/SA2.PHN,35,161680,161645
4212,TRAIN/DR7/MREM0/SI1591.WAV.wav,TRAIN/DR7/MREM0/SI1591.PHN,35,161715,161680
4213,TRAIN/DR7/MREM0/SI511.WAV.wav,TRAIN/DR7/MREM0/SI511.PHN,64,161779,161715
4214,TRAIN/DR7/MREM0/SI961.WAV.wav,TRAIN/DR7/MREM0/SI961.PHN,34,161813,161779
4215,TRAIN/DR7/MREM0/SX151.WAV.wav,TRAIN/DR7/MREM0/SX151.PHN,45,161858,161813
4216,TRAIN/DR7/MREM0/SX241.WAV.wav,TRAIN/DR7/MREM0/SX241.PHN,34,161892,161858
4217,TRAIN/DR7/MREM0/SX331.WAV.wav,TRAIN/DR7/MREM0/SX331.PHN,34,161926,161892
4218,TRAIN/DR7/MREM0/SX421.WAV.wav,TRAIN/DR7/MREM0/SX421.PHN,36,161962,161926
4219,TRAIN/DR7/MREM0/SX61.WAV.wav,TRAIN/DR7/MREM0/SX61.PHN,39,162001,161962
4220,TRAIN/DR7/MRLJ1/SA1.WAV.wav,TRAIN/DR7/MRLJ1/SA1.PHN,38,162039,162001
4221,TRAIN/DR7/MRLJ1/SA2.WAV.wav,TRAIN/DR7/MRLJ1/SA2.PHN,34,162073,162039
4222,TRAIN/DR7/MRLJ1/SI1671.WAV.wav,TRAIN/DR7/MRLJ1/SI1671.PHN,44,162117,162073
4223,TRAIN/DR7/MRLJ1/SI2301.WAV.wav,TRAIN/DR7/MRLJ1/SI2301.PHN,60,162177,162117
4224,TRAIN/DR7/MRLJ1/SI2332.WAV.wav,TRAIN/DR7/MRLJ1/SI2332.PHN,19,162196,162177
4225,TRAIN/DR7/MRLJ1/SX141.WAV.wav,TRAIN/DR7/MRLJ1/SX141.PHN,49,162245,162196
4226,TRAIN/DR7/MRLJ1/SX231.WAV.wav,TRAIN/DR7/MRLJ1/SX231.PHN,12,162257,162245
4227,TRAIN/DR7/MRLJ1/SX321.WAV.wav,TRAIN/DR7/MRLJ1/SX321.PHN,49,162306,162257
4228,TRAIN/DR7/MRLJ1/SX411.WAV.wav,TRAIN/DR7/MRLJ1/SX411.PHN,41,162347,162306
4229,TRAIN/DR7/MRLJ1/SX51.WAV.wav,TRAIN/DR7/MRLJ1/SX51.PHN,42,162389,162347
4230,TRAIN/DR7/MRMG0/SA1.WAV.wav,TRAIN/DR7/MRMG0/SA1.PHN,38,162427,162389
4231,TRAIN/DR7/MRMG0/SA2.WAV.wav,TRAIN/DR7/MRMG0/SA2.PHN,35,162462,162427
4232,TRAIN/DR7/MRMG0/SI1080.WAV.wav,TRAIN/DR7/MRMG0/SI1080.PHN,35,162497,162462
4233,TRAIN/DR7/MRMG0/SI1710.WAV.wav,TRAIN/DR7/MRMG0/SI1710.PHN,31,162528,162497
4234,TRAIN/DR7/MRMG0/SI2340.WAV.wav,TRAIN/DR7/MRMG0/SI2340.PHN,47,162575,162528
4235,TRAIN/DR7/MRMG0/SX180.WAV.wav,TRAIN/DR7/MRMG0/SX180.PHN,38,162613,162575
4236,TRAIN/DR7/MRMG0/SX270.WAV.wav,TRAIN/DR7/MRMG0/SX270.PHN,34,162647,162613
4237,TRAIN/DR7/MRMG0/SX360.WAV.wav,TRAIN/DR7/MRMG0/SX360.PHN,33,162680,162647
4238,TRAIN/DR7/MRMG0/SX450.WAV.wav,TRAIN/DR7/MRMG0/SX450.PHN,49,162729,162680
4239,TRAIN/DR7/MRMG0/SX90.WAV.wav,TRAIN/DR7/MRMG0/SX90.PHN,26,162755,162729
4240,TRAIN/DR7/MRMH0/SA1.WAV.wav,TRAIN/DR7/MRMH0/SA1.PHN,41,162796,162755
4241,TRAIN/DR7/MRMH0/SA2.WAV.wav,TRAIN/DR7/MRMH0/SA2.PHN,34,162830,162796
4242,TRAIN/DR7/MRMH0/SI1021.WAV.wav,TRAIN/DR7/MRMH0/SI1021.PHN,52,162882,162830
4243,TRAIN/DR7/MRMH0/SI1349.WAV.wav,TRAIN/DR7/MRMH0/SI1349.PHN,58,162940,162882
4244,TRAIN/DR7/MRMH0/SI2281.WAV.wav,TRAIN/DR7/MRMH0/SI2281.PHN,36,162976,162940
4245,TRAIN/DR7/MRMH0/SX121.WAV.wav,TRAIN/DR7/MRMH0/SX121.PHN,39,163015,162976
4246,TRAIN/DR7/MRMH0/SX211.WAV.wav,TRAIN/DR7/MRMH0/SX211.PHN,34,163049,163015
4247,TRAIN/DR7/MRMH0/SX301.WAV.wav,TRAIN/DR7/MRMH0/SX301.PHN,37,163086,163049
4248,TRAIN/DR7/MRMH0/SX31.WAV.wav,TRAIN/DR7/MRMH0/SX31.PHN,28,163114,163086
4249,TRAIN/DR7/MRMH0/SX391.WAV.wav,TRAIN/DR7/MRMH0/SX391.PHN,19,163133,163114
4250,TRAIN/DR7/MRPC1/SA1.WAV.wav,TRAIN/DR7/MRPC1/SA1.PHN,38,163171,163133
4251,TRAIN/DR7/MRPC1/SA2.WAV.wav,TRAIN/DR7/MRPC1/SA2.PHN,32,163203,163171
4252,TRAIN/DR7/MRPC1/SI1482.WAV.wav,TRAIN/DR7/MRPC1/SI1482.PHN,44,163247,163203
4253,TRAIN/DR7/MRPC1/SI2026.WAV.wav,TRAIN/DR7/MRPC1/SI2026.PHN,22,163269,163247
4254,TRAIN/DR7/MRPC1/SI2112.WAV.wav,TRAIN/DR7/MRPC1/SI2112.PHN,34,163303,163269
4255,TRAIN/DR7/MRPC1/SX132.WAV.wav,TRAIN/DR7/MRPC1/SX132.PHN,33,163336,163303
4256,TRAIN/DR7/MRPC1/SX222.WAV.wav,TRAIN/DR7/MRPC1/SX222.PHN,40,163376,163336
4257,TRAIN/DR7/MRPC1/SX312.WAV.wav,TRAIN/DR7/MRPC1/SX312.PHN,55,163431,163376
4258,TRAIN/DR7/MRPC1/SX402.WAV.wav,TRAIN/DR7/MRPC1/SX402.PHN,32,163463,163431
4259,TRAIN/DR7/MRPC1/SX42.WAV.wav,TRAIN/DR7/MRPC1/SX42.PHN,30,163493,163463
4260,TRAIN/DR7/MSAH1/SA1.WAV.wav,TRAIN/DR7/MSAH1/SA1.PHN,38,163531,163493
4261,TRAIN/DR7/MSAH1/SA2.WAV.wav,TRAIN/DR7/MSAH1/SA2.PHN,32,163563,163531
4262,TRAIN/DR7/MSAH1/SI1049.WAV.wav,TRAIN/DR7/MSAH1/SI1049.PHN,35,163598,163563
4263,TRAIN/DR7/MSAH1/SI1679.WAV.wav,TRAIN/DR7/MSAH1/SI1679.PHN,20,163618,163598
4264,TRAIN/DR7/MSAH1/SI2309.WAV.wav,TRAIN/DR7/MSAH1/SI2309.PHN,34,163652,163618
4265,TRAIN/DR7/MSAH1/SX149.WAV.wav,TRAIN/DR7/MSAH1/SX149.PHN,48,163700,163652
4266,TRAIN/DR7/MSAH1/SX239.WAV.wav,TRAIN/DR7/MSAH1/SX239.PHN,36,163736,163700
4267,TRAIN/DR7/MSAH1/SX329.WAV.wav,TRAIN/DR7/MSAH1/SX329.PHN,54,163790,163736
4268,TRAIN/DR7/MSAH1/SX419.WAV.wav,TRAIN/DR7/MSAH1/SX419.PHN,37,163827,163790
4269,TRAIN/DR7/MSAH1/SX59.WAV.wav,TRAIN/DR7/MSAH1/SX59.PHN,24,163851,163827
4270,TRAIN/DR7/MSDB0/SA1.WAV.wav,TRAIN/DR7/MSDB0/SA1.PHN,38,163889,163851
4271,TRAIN/DR7/MSDB0/SA2.WAV.wav,TRAIN/DR7/MSDB0/SA2.PHN,34,163923,163889
4272,TRAIN/DR7/MSDB0/SI1007.WAV.wav,TRAIN/DR7/MSDB0/SI1007.PHN,60,163983,163923
4273,TRAIN/DR7/MSDB0/SI1637.WAV.wav,TRAIN/DR7/MSDB0/SI1637.PHN,31,164014,163983
4274,TRAIN/DR7/MSDB0/SI2267.WAV.wav,TRAIN/DR7/MSDB0/SI2267.PHN,33,164047,164014
4275,TRAIN/DR7/MSDB0/SX107.WAV.wav,TRAIN/DR7/MSDB0/SX107.PHN,36,164083,164047
4276,TRAIN/DR7/MSDB0/SX17.WAV.wav,TRAIN/DR7/MSDB0/SX17.PHN,20,164103,164083
4277,TRAIN/DR7/MSDB0/SX197.WAV.wav,TRAIN/DR7/MSDB0/SX197.PHN,25,164128,164103
4278,TRAIN/DR7/MSDB0/SX287.WAV.wav,TRAIN/DR7/MSDB0/SX287.PHN,35,164163,164128
4279,TRAIN/DR7/MSDB0/SX377.WAV.wav,TRAIN/DR7/MSDB0/SX377.PHN,39,164202,164163
4280,TRAIN/DR7/MSES0/SA1.WAV.wav,TRAIN/DR7/MSES0/SA1.PHN,37,164239,164202
4281,TRAIN/DR7/MSES0/SA2.WAV.wav,TRAIN/DR7/MSES0/SA2.PHN,32,164271,164239
4282,TRAIN/DR7/MSES0/SI1589.WAV.wav,TRAIN/DR7/MSES0/SI1589.PHN,57,164328,164271
4283,TRAIN/DR7/MSES0/SI2216.WAV.wav,TRAIN/DR7/MSES0/SI2216.PHN,25,164353,164328
4284,TRAIN/DR7/MSES0/SI2219.WAV.wav,TRAIN/DR7/MSES0/SI2219.PHN,30,164383,164353
4285,TRAIN/DR7/MSES0/SX149.WAV.wav,TRAIN/DR7/MSES0/SX149.PHN,45,164428,164383
4286,TRAIN/DR7/MSES0/SX239.WAV.wav,TRAIN/DR7/MSES0/SX239.PHN,35,164463,164428
4287,TRAIN/DR7/MSES0/SX329.WAV.wav,TRAIN/DR7/MSES0/SX329.PHN,52,164515,164463
4288,TRAIN/DR7/MSES0/SX419.WAV.wav,TRAIN/DR7/MSES0/SX419.PHN,37,164552,164515
4289,TRAIN/DR7/MSES0/SX59.WAV.wav,TRAIN/DR7/MSES0/SX59.PHN,24,164576,164552
4290,TRAIN/DR7/MTAB0/SA1.WAV.wav,TRAIN/DR7/MTAB0/SA1.PHN,41,164617,164576
4291,TRAIN/DR7/MTAB0/SA2.WAV.wav,TRAIN/DR7/MTAB0/SA2.PHN,34,164651,164617
4292,TRAIN/DR7/MTAB0/SI1572.WAV.wav,TRAIN/DR7/MTAB0/SI1572.PHN,68,164719,164651
4293,TRAIN/DR7/MTAB0/SI2202.WAV.wav,TRAIN/DR7/MTAB0/SI2202.PHN,17,164736,164719
4294,TRAIN/DR7/MTAB0/SI942.WAV.wav,TRAIN/DR7/MTAB0/SI942.PHN,42,164778,164736
4295,TRAIN/DR7/MTAB0/SX132.WAV.wav,TRAIN/DR7/MTAB0/SX132.PHN,36,164814,164778
4296,TRAIN/DR7/MTAB0/SX222.WAV.wav,TRAIN/DR7/MTAB0/SX222.PHN,40,164854,164814
4297,TRAIN/DR7/MTAB0/SX312.WAV.wav,TRAIN/DR7/MTAB0/SX312.PHN,59,164913,164854
4298,TRAIN/DR7/MTAB0/SX402.WAV.wav,TRAIN/DR7/MTAB0/SX402.PHN,35,164948,164913
4299,TRAIN/DR7/MTAB0/SX42.WAV.wav,TRAIN/DR7/MTAB0/SX42.PHN,32,164980,164948
4300,TRAIN/DR7/MTER0/SA1.WAV.wav,TRAIN/DR7/MTER0/SA1.PHN,39,165019,164980
4301,TRAIN/DR7/MTER0/SA2.WAV.wav,TRAIN/DR7/MTER0/SA2.PHN,34,165053,165019
4302,TRAIN/DR7/MTER0/SI1157.WAV.wav,TRAIN/DR7/MTER0/SI1157.PHN,64,165117,165053
4303,TRAIN/DR7/MTER0/SI1787.WAV.wav,TRAIN/DR7/MTER0/SI1787.PHN,30,165147,165117
4304,TRAIN/DR7/MTER0/SI527.WAV.wav,TRAIN/DR7/MTER0/SI527.PHN,32,165179,165147
4305,TRAIN/DR7/MTER0/SX167.WAV.wav,TRAIN/DR7/MTER0/SX167.PHN,49,165228,165179
4306,TRAIN/DR7/MTER0/SX17.WAV.wav,TRAIN/DR7/MTER0/SX17.PHN,20,165248,165228
4307,TRAIN/DR7/MTER0/SX257.WAV.wav,TRAIN/DR7/MTER0/SX257.PHN,27,165275,165248
4308,TRAIN/DR7/MTER0/SX437.WAV.wav,TRAIN/DR7/MTER0/SX437.PHN,48,165323,165275
4309,TRAIN/DR7/MTER0/SX77.WAV.wav,TRAIN/DR7/MTER0/SX77.PHN,39,165362,165323
4310,TRAIN/DR7/MTKD0/SA1.WAV.wav,TRAIN/DR7/MTKD0/SA1.PHN,40,165402,165362
4311,TRAIN/DR7/MTKD0/SA2.WAV.wav,TRAIN/DR7/MTKD0/SA2.PHN,32,165434,165402
4312,TRAIN/DR7/MTKD0/SI1187.WAV.wav,TRAIN/DR7/MTKD0/SI1187.PHN,32,165466,165434
4313,TRAIN/DR7/MTKD0/SI1817.WAV.wav,TRAIN/DR7/MTKD0/SI1817.PHN,46,165512,165466
4314,TRAIN/DR7/MTKD0/SI630.WAV.wav,TRAIN/DR7/MTKD0/SI630.PHN,63,165575,165512
4315,TRAIN/DR7/MTKD0/SX107.WAV.wav,TRAIN/DR7/MTKD0/SX107.PHN,38,165613,165575
4316,TRAIN/DR7/MTKD0/SX17.WAV.wav,TRAIN/DR7/MTKD0/SX17.PHN,20,165633,165613
4317,TRAIN/DR7/MTKD0/SX197.WAV.wav,TRAIN/DR7/MTKD0/SX197.PHN,25,165658,165633
4318,TRAIN/DR7/MTKD0/SX287.WAV.wav,TRAIN/DR7/MTKD0/SX287.PHN,39,165697,165658
4319,TRAIN/DR7/MTKD0/SX377.WAV.wav,TRAIN/DR7/MTKD0/SX377.PHN,40,165737,165697
4320,TRAIN/DR7/MTLC0/SA1.WAV.wav,TRAIN/DR7/MTLC0/SA1.PHN,41,165778,165737
4321,TRAIN/DR7/MTLC0/SA2.WAV.wav,TRAIN/DR7/MTLC0/SA2.PHN,36,165814,165778
4322,TRAIN/DR7/MTLC0/SI1313.WAV.wav,TRAIN/DR7/MTLC0/SI1313.PHN,65,165879,165814
4323,TRAIN/DR7/MTLC0/SI1477.WAV.wav,TRAIN/DR7/MTLC0/SI1477.PHN,68,165947,165879
4324,TRAIN/DR7/MTLC0/SI847.WAV.wav,TRAIN/DR7/MTLC0/SI847.PHN,34,165981,165947
4325,TRAIN/DR7/MTLC0/SX127.WAV.wav,TRAIN/DR7/MTLC0/SX127.PHN,25,166006,165981
4326,TRAIN/DR7/MTLC0/SX217.WAV.wav,TRAIN/DR7/MTLC0/SX217.PHN,27,166033,166006
4327,TRAIN/DR7/MTLC0/SX307.WAV.wav,TRAIN/DR7/MTLC0/SX307.PHN,23,166056,166033
4328,TRAIN/DR7/MTLC0/SX37.WAV.wav,TRAIN/DR7/MTLC0/SX37.PHN,41,166097,166056
4329,TRAIN/DR7/MTLC0/SX397.WAV.wav,TRAIN/DR7/MTLC0/SX397.PHN,33,166130,166097
4330,TRAIN/DR7/MTML0/SA1.WAV.wav,TRAIN/DR7/MTML0/SA1.PHN,38,166168,166130
4331,TRAIN/DR7/MTML0/SA2.WAV.wav,TRAIN/DR7/MTML0/SA2.PHN,34,166202,166168
4332,TRAIN/DR7/MTML0/SI1065.WAV.wav,TRAIN/DR7/MTML0/SI1065.PHN,35,166237,166202
4333,TRAIN/DR7/MTML0/SI1695.WAV.wav,TRAIN/DR7/MTML0/SI1695.PHN,36,166273,166237
4334,TRAIN/DR7/MTML0/SI2325.WAV.wav,TRAIN/DR7/MTML0/SI2325.PHN,39,166312,166273
4335,TRAIN/DR7/MTML0/SX165.WAV.wav,TRAIN/DR7/MTML0/SX165.PHN,43,166355,166312
4336,TRAIN/DR7/MTML0/SX255.WAV.wav,TRAIN/DR7/MTML0/SX255.PHN,34,166389,166355
4337,TRAIN/DR7/MTML0/SX345.WAV.wav,TRAIN/DR7/MTML0/SX345.PHN,30,166419,166389
4338,TRAIN/DR7/MTML0/SX435.WAV.wav,TRAIN/DR7/MTML0/SX435.PHN,50,166469,166419
4339,TRAIN/DR7/MTML0/SX75.WAV.wav,TRAIN/DR7/MTML0/SX75.PHN,31,166500,166469
4340,TRAIN/DR7/MTMN0/SA1.WAV.wav,TRAIN/DR7/MTMN0/SA1.PHN,41,166541,166500
4341,TRAIN/DR7/MTMN0/SA2.WAV.wav,TRAIN/DR7/MTMN0/SA2.PHN,31,166572,166541
4342,TRAIN/DR7/MTMN0/SI1064.WAV.wav,TRAIN/DR7/MTMN0/SI1064.PHN,42,166614,166572
4343,TRAIN/DR7/MTMN0/SI2324.WAV.wav,TRAIN/DR7/MTMN0/SI2324.PHN,56,166670,166614
4344,TRAIN/DR7/MTMN0/SI582.WAV.wav,TRAIN/DR7/MTMN0/SI582.PHN,71,166741,166670
4345,TRAIN/DR7/MTMN0/SX164.WAV.wav,TRAIN/DR7/MTMN0/SX164.PHN,42,166783,166741
4346,TRAIN/DR7/MTMN0/SX254.WAV.wav,TRAIN/DR7/MTMN0/SX254.PHN,23,166806,166783
4347,TRAIN/DR7/MTMN0/SX344.WAV.wav,TRAIN/DR7/MTMN0/SX344.PHN,25,166831,166806
4348,TRAIN/DR7/MTMN0/SX434.WAV.wav,TRAIN/DR7/MTMN0/SX434.PHN,30,166861,166831
4349,TRAIN/DR7/MTMN0/SX74.WAV.wav,TRAIN/DR7/MTMN0/SX74.PHN,36,166897,166861
4350,TRAIN/DR7/MTPR0/SA1.WAV.wav,TRAIN/DR7/MTPR0/SA1.PHN,44,166941,166897
4351,TRAIN/DR7/MTPR0/SA2.WAV.wav,TRAIN/DR7/MTPR0/SA2.PHN,36,166977,166941
4352,TRAIN/DR7/MTPR0/SI1600.WAV.wav,TRAIN/DR7/MTPR0/SI1600.PHN,38,167015,166977
4353,TRAIN/DR7/MTPR0/SI2230.WAV.wav,TRAIN/DR7/MTPR0/SI2230.PHN,65,167080,167015
4354,TRAIN/DR7/MTPR0/SI506.WAV.wav,TRAIN/DR7/MTPR0/SI506.PHN,21,167101,167080
4355,TRAIN/DR7/MTPR0/SX160.WAV.wav,TRAIN/DR7/MTPR0/SX160.PHN,47,167148,167101
4356,TRAIN/DR7/MTPR0/SX250.WAV.wav,TRAIN/DR7/MTPR0/SX250.PHN,39,167187,167148
4357,TRAIN/DR7/MTPR0/SX340.WAV.wav,TRAIN/DR7/MTPR0/SX340.PHN,33,167220,167187
4358,TRAIN/DR7/MTPR0/SX430.WAV.wav,TRAIN/DR7/MTPR0/SX430.PHN,51,167271,167220
4359,TRAIN/DR7/MTPR0/SX70.WAV.wav,TRAIN/DR7/MTPR0/SX70.PHN,13,167284,167271
4360,TRAIN/DR7/MTWH1/SA1.WAV.wav,TRAIN/DR7/MTWH1/SA1.PHN,42,167326,167284
4361,TRAIN/DR7/MTWH1/SA2.WAV.wav,TRAIN/DR7/MTWH1/SA2.PHN,37,167363,167326
4362,TRAIN/DR7/MTWH1/SI1512.WAV.wav,TRAIN/DR7/MTWH1/SI1512.PHN,48,167411,167363
4363,TRAIN/DR7/MTWH1/SI2142.WAV.wav,TRAIN/DR7/MTWH1/SI2142.PHN,20,167431,167411
4364,TRAIN/DR7/MTWH1/SI882.WAV.wav,TRAIN/DR7/MTWH1/SI882.PHN,34,167465,167431
4365,TRAIN/DR7/MTWH1/SX162.WAV.wav,TRAIN/DR7/MTWH1/SX162.PHN,37,167502,167465
4366,TRAIN/DR7/MTWH1/SX252.WAV.wav,TRAIN/DR7/MTWH1/SX252.PHN,37,167539,167502
4367,TRAIN/DR7/MTWH1/SX342.WAV.wav,TRAIN/DR7/MTWH1/SX342.PHN,37,167576,167539
4368,TRAIN/DR7/MTWH1/SX432.WAV.wav,TRAIN/DR7/MTWH1/SX432.PHN,52,167628,167576
4369,TRAIN/DR7/MTWH1/SX72.WAV.wav,TRAIN/DR7/MTWH1/SX72.PHN,27,167655,167628
4370,TRAIN/DR7/MVRW0/SA1.WAV.wav,TRAIN/DR7/MVRW0/SA1.PHN,39,167694,167655
4371,TRAIN/DR7/MVRW0/SA2.WAV.wav,TRAIN/DR7/MVRW0/SA2.PHN,35,167729,167694
4372,TRAIN/DR7/MVRW0/SI1485.WAV.wav,TRAIN/DR7/MVRW0/SI1485.PHN,61,167790,167729
4373,TRAIN/DR7/MVRW0/SI2115.WAV.wav,TRAIN/DR7/MVRW0/SI2115.PHN,19,167809,167790
4374,TRAIN/DR7/MVRW0/SI855.WAV.wav,TRAIN/DR7/MVRW0/SI855.PHN,37,167846,167809
4375,TRAIN/DR7/MVRW0/SX135.WAV.wav,TRAIN/DR7/MVRW0/SX135.PHN,44,167890,167846
4376,TRAIN/DR7/MVRW0/SX225.WAV.wav,TRAIN/DR7/MVRW0/SX225.PHN,26,167916,167890
4377,TRAIN/DR7/MVRW0/SX315.WAV.wav,TRAIN/DR7/MVRW0/SX315.PHN,30,167946,167916
4378,TRAIN/DR7/MVRW0/SX405.WAV.wav,TRAIN/DR7/MVRW0/SX405.PHN,36,167982,167946
4379,TRAIN/DR7/MVRW0/SX45.WAV.wav,TRAIN/DR7/MVRW0/SX45.PHN,33,168015,167982
4380,TRAIN/DR7/MWRE0/SA1.WAV.wav,TRAIN/DR7/MWRE0/SA1.PHN,42,168057,168015
4381,TRAIN/DR7/MWRE0/SA2.WAV.wav,TRAIN/DR7/MWRE0/SA2.PHN,33,168090,168057
4382,TRAIN/DR7/MWRE0/SI1057.WAV.wav,TRAIN/DR7/MWRE0/SI1057.PHN,40,168130,168090
4383,TRAIN/DR7/MWRE0/SI1687.WAV.wav,TRAIN/DR7/MWRE0/SI1687.PHN,20,168150,168130
4384,TRAIN/DR7/MWRE0/SI2317.WAV.wav,TRAIN/DR7/MWRE0/SI2317.PHN,35,168185,168150
4385,TRAIN/DR7/MWRE0/SX157.WAV.wav,TRAIN/DR7/MWRE0/SX157.PHN,36,168221,168185
4386,TRAIN/DR7/MWRE0/SX247.WAV.wav,TRAIN/DR7/MWRE0/SX247.PHN,49,168270,168221
4387,TRAIN/DR7/MWRE0/SX337.WAV.wav,TRAIN/DR7/MWRE0/SX337.PHN,44,168314,168270
4388,TRAIN/DR7/MWRE0/SX427.WAV.wav,TRAIN/DR7/MWRE0/SX427.PHN,29,168343,168314
4389,TRAIN/DR7/MWRE0/SX67.WAV.wav,TRAIN/DR7/MWRE0/SX67.PHN,46,168389,168343
4390,TRAIN/DR7/MWRP0/SA1.WAV.wav,TRAIN/DR7/MWRP0/SA1.PHN,38,168427,168389
4391,TRAIN/DR7/MWRP0/SA2.WAV.wav,TRAIN/DR7/MWRP0/SA2.PHN,32,168459,168427
4392,TRAIN/DR7/MWRP0/SI1443.WAV.wav,TRAIN/DR7/MWRP0/SI1443.PHN,64,168523,168459
4393,TRAIN/DR7/MWRP0/SI1525.WAV.wav,TRAIN/DR7/MWRP0/SI1525.PHN,19,168542,168523
4394,TRAIN/DR7/MWRP0/SI2073.WAV.wav,TRAIN/DR7/MWRP0/SI2073.PHN,50,168592,168542
4395,TRAIN/DR7/MWRP0/SX183.WAV.wav,TRAIN/DR7/MWRP0/SX183.PHN,30,168622,168592
4396,TRAIN/DR7/MWRP0/SX273.WAV.wav,TRAIN/DR7/MWRP0/SX273.PHN,32,168654,168622
4397,TRAIN/DR7/MWRP0/SX3.WAV.wav,TRAIN/DR7/MWRP0/SX3.PHN,15,168669,168654
4398,TRAIN/DR7/MWRP0/SX363.WAV.wav,TRAIN/DR7/MWRP0/SX363.PHN,45,168714,168669
4399,TRAIN/DR7/MWRP0/SX93.WAV.wav,TRAIN/DR7/MWRP0/SX93.PHN,24,168738,168714
4400,TRAIN/DR8/FBCG1/SA1.WAV.wav,TRAIN/DR8/FBCG1/SA1.PHN,42,168780,168738
4401,TRAIN/DR8/FBCG1/SA2.WAV.wav,TRAIN/DR8/FBCG1/SA2.PHN,36,168816,168780
4402,TRAIN/DR8/FBCG1/SI1612.WAV.wav,TRAIN/DR8/FBCG1/SI1612.PHN,17,168833,168816
4403,TRAIN/DR8/FBCG1/SI2242.WAV.wav,TRAIN/DR8/FBCG1/SI2242.PHN,25,168858,168833
4404,TRAIN/DR8/FBCG1/SI982.WAV.wav,TRAIN/DR8/FBCG1/SI982.PHN,53,168911,168858
4405,TRAIN/DR8/FBCG1/SX172.WAV.wav,TRAIN/DR8/FBCG1/SX172.PHN,41,168952,168911
4406,TRAIN/DR8/FBCG1/SX262.WAV.wav,TRAIN/DR8/FBCG1/SX262.PHN,33,168985,168952
4407,TRAIN/DR8/FBCG1/SX352.WAV.wav,TRAIN/DR8/FBCG1/SX352.PHN,68,169053,168985
4408,TRAIN/DR8/FBCG1/SX442.WAV.wav,TRAIN/DR8/FBCG1/SX442.PHN,41,169094,169053
4409,TRAIN/DR8/FBCG1/SX82.WAV.wav,TRAIN/DR8/FBCG1/SX82.PHN,32,169126,169094
4410,TRAIN/DR8/FCEG0/SA1.WAV.wav,TRAIN/DR8/FCEG0/SA1.PHN,41,169167,169126
4411,TRAIN/DR8/FCEG0/SA2.WAV.wav,TRAIN/DR8/FCEG0/SA2.PHN,34,169201,169167
4412,TRAIN/DR8/FCEG0/SI1248.WAV.wav,TRAIN/DR8/FCEG0/SI1248.PHN,55,169256,169201
4413,TRAIN/DR8/FCEG0/SI1878.WAV.wav,TRAIN/DR8/FCEG0/SI1878.PHN,21,169277,169256
4414,TRAIN/DR8/FCEG0/SI618.WAV.wav,TRAIN/DR8/FCEG0/SI618.PHN,39,169316,169277
4415,TRAIN/DR8/FCEG0/SX168.WAV.wav,TRAIN/DR8/FCEG0/SX168.PHN,26,169342,169316
4416,TRAIN/DR8/FCEG0/SX258.WAV.wav,TRAIN/DR8/FCEG0/SX258.PHN,38,169380,169342
4417,TRAIN/DR8/FCEG0/SX348.WAV.wav,TRAIN/DR8/FCEG0/SX348.PHN,47,169427,169380
4418,TRAIN/DR8/FCEG0/SX438.WAV.wav,TRAIN/DR8/FCEG0/SX438.PHN,51,169478,169427
4419,TRAIN/DR8/FCEG0/SX78.WAV.wav,TRAIN/DR8/FCEG0/SX78.PHN,31,169509,169478
4420,TRAIN/DR8/FCLT0/SA1.WAV.wav,TRAIN/DR8/FCLT0/SA1.PHN,40,169549,169509
4421,TRAIN/DR8/FCLT0/SA2.WAV.wav,TRAIN/DR8/FCLT0/SA2.PHN,33,169582,169549
4422,TRAIN/DR8/FCLT0/SI1438.WAV.wav,TRAIN/DR8/FCLT0/SI1438.PHN,37,169619,169582
4423,TRAIN/DR8/FCLT0/SI2068.WAV.wav,TRAIN/DR8/FCLT0/SI2068.PHN,15,169634,169619
4424,TRAIN/DR8/FCLT0/SI808.WAV.wav,TRAIN/DR8/FCLT0/SI808.PHN,56,169690,169634
4425,TRAIN/DR8/FCLT0/SX178.WAV.wav,TRAIN/DR8/FCLT0/SX178.PHN,48,169738,169690
4426,TRAIN/DR8/FCLT0/SX268.WAV.wav,TRAIN/DR8/FCLT0/SX268.PHN,43,169781,169738
4427,TRAIN/DR8/FCLT0/SX358.WAV.wav,TRAIN/DR8/FCLT0/SX358.PHN,31,169812,169781
4428,TRAIN/DR8/FCLT0/SX448.WAV.wav,TRAIN/DR8/FCLT0/SX448.PHN,32,169844,169812
4429,TRAIN/DR8/FCLT0/SX88.WAV.wav,TRAIN/DR8/FCLT0/SX88.PHN,49,169893,169844
4430,TRAIN/DR8/FJRB0/SA1.WAV.wav,TRAIN/DR8/FJRB0/SA1.PHN,40,169933,169893
4431,TRAIN/DR8/FJRB0/SA2.WAV.wav,TRAIN/DR8/FJRB0/SA2.PHN,34,169967,169933
4432,TRAIN/DR8/FJRB0/SI1302.WAV.wav,TRAIN/DR8/FJRB0/SI1302.PHN,58,170025,169967
4433,TRAIN/DR8/FJRB0/SI1932.WAV.wav,TRAIN/DR8/FJRB0/SI1932.PHN,34,170059,170025
4434,TRAIN/DR8/FJRB0/SI672.WAV.wav,TRAIN/DR8/FJRB0/SI672.PHN,15,170074,170059
4435,TRAIN/DR8/FJRB0/SX132.WAV.wav,TRAIN/DR8/FJRB0/SX132.PHN,36,170110,170074
4436,TRAIN/DR8/FJRB0/SX222.WAV.wav,TRAIN/DR8/FJRB0/SX222.PHN,40,170150,170110
4437,TRAIN/DR8/FJRB0/SX312.WAV.wav,TRAIN/DR8/FJRB0/SX312.PHN,55,170205,170150
4438,TRAIN/DR8/FJRB0/SX402.WAV.wav,TRAIN/DR8/FJRB0/SX402.PHN,33,170238,170205
4439,TRAIN/DR8/FJRB0/SX42.WAV.wav,TRAIN/DR8/FJRB0/SX42.PHN,31,170269,170238
4440,TRAIN/DR8/FKLH0/SA1.WAV.wav,TRAIN/DR8/FKLH0/SA1.PHN,41,170310,170269
4441,TRAIN/DR8/FKLH0/SA2.WAV.wav,TRAIN/DR8/FKLH0/SA2.PHN,38,170348,170310
4442,TRAIN/DR8/FKLH0/SI1257.WAV.wav,TRAIN/DR8/FKLH0/SI1257.PHN,64,170412,170348
4443,TRAIN/DR8/FKLH0/SI1887.WAV.wav,TRAIN/DR8/FKLH0/SI1887.PHN,17,170429,170412
4444,TRAIN/DR8/FKLH0/SI627.WAV.wav,TRAIN/DR8/FKLH0/SI627.PHN,38,170467,170429
4445,TRAIN/DR8/FKLH0/SX177.WAV.wav,TRAIN/DR8/FKLH0/SX177.PHN,24,170491,170467
4446,TRAIN/DR8/FKLH0/SX267.WAV.wav,TRAIN/DR8/FKLH0/SX267.PHN,40,170531,170491
4447,TRAIN/DR8/FKLH0/SX357.WAV.wav,TRAIN/DR8/FKLH0/SX357.PHN,43,170574,170531
4448,TRAIN/DR8/FKLH0/SX447.WAV.wav,TRAIN/DR8/FKLH0/SX447.PHN,27,170601,170574
4449,TRAIN/DR8/FKLH0/SX87.WAV.wav,TRAIN/DR8/FKLH0/SX87.PHN,38,170639,170601
4450,TRAIN/DR8/FMBG0/SA1.WAV.wav,TRAIN/DR8/FMBG0/SA1.PHN,40,170679,170639
4451,TRAIN/DR8/FMBG0/SA2.WAV.wav,TRAIN/DR8/FMBG0/SA2.PHN,32,170711,170679
4452,TRAIN/DR8/FMBG0/SI1160.WAV.wav,TRAIN/DR8/FMBG0/SI1160.PHN,63,170774,170711
4453,TRAIN/DR8/FMBG0/SI1790.WAV.wav,TRAIN/DR8/FMBG0/SI1790.PHN,25,170799,170774
4454,TRAIN/DR8/FMBG0/SI2264.WAV.wav,TRAIN/DR8/FMBG0/SI2264.PHN,24,170823,170799
4455,TRAIN/DR8/FMBG0/SX260.WAV.wav,TRAIN/DR8/FMBG0/SX260.PHN,42,170865,170823
4456,TRAIN/DR8/FMBG0/SX3.WAV.wav,TRAIN/DR8/FMBG0/SX3.PHN,17,170882,170865
4457,TRAIN/DR8/FMBG0/SX350.WAV.wav,TRAIN/DR8/FMBG0/SX350.PHN,48,170930,170882
4458,TRAIN/DR8/FMBG0/SX440.WAV.wav,TRAIN/DR8/FMBG0/SX440.PHN,49,170979,170930
4459,TRAIN/DR8/FMBG0/SX80.WAV.wav,TRAIN/DR8/FMBG0/SX80.PHN,28,171007,170979
4460,TRAIN/DR8/FNKL0/SA1.WAV.wav,TRAIN/DR8/FNKL0/SA1.PHN,41,171048,171007
4461,TRAIN/DR8/FNKL0/SA2.WAV.wav,TRAIN/DR8/FNKL0/SA2.PHN,33,171081,171048
4462,TRAIN/DR8/FNKL0/SI1522.WAV.wav,TRAIN/DR8/FNKL0/SI1522.PHN,33,171114,171081
4463,TRAIN/DR8/FNKL0/SI2152.WAV.wav,TRAIN/DR8/FNKL0/SI2152.PHN,38,171152,171114
4464,TRAIN/DR8/FNKL0/SI892.WAV.wav,TRAIN/DR8/FNKL0/SI892.PHN,62,171214,171152
4465,TRAIN/DR8/FNKL0/SX172.WAV.wav,TRAIN/DR8/FNKL0/SX172.PHN,42,171256,171214
4466,TRAIN/DR8/FNKL0/SX196.WAV.wav,TRAIN/DR8/FNKL0/SX196.PHN,18,171274,171256
4467,TRAIN/DR8/FNKL0/SX262.WAV.wav,TRAIN/DR8/FNKL0/SX262.PHN,32,171306,171274
4468,TRAIN/DR8/FNKL0/SX442.WAV.wav,TRAIN/DR8/FNKL0/SX442.PHN,45,171351,171306
4469,TRAIN/DR8/FNKL0/SX82.WAV.wav,TRAIN/DR8/FNKL0/SX82.PHN,38,171389,171351
4470,TRAIN/DR8/FPLS0/SA1.WAV.wav,TRAIN/DR8/FPLS0/SA1.PHN,39,171428,171389
4471,TRAIN/DR8/FPLS0/SA2.WAV.wav,TRAIN/DR8/FPLS0/SA2.PHN,32,171460,171428
4472,TRAIN/DR8/FPLS0/SI1590.WAV.wav,TRAIN/DR8/FPLS0/SI1590.PHN,34,171494,171460
4473,TRAIN/DR8/FPLS0/SI2220.WAV.wav,TRAIN/DR8/FPLS0/SI2220.PHN,35,171529,171494
4474,TRAIN/DR8/FPLS0/SI960.WAV.wav,TRAIN/DR8/FPLS0/SI960.PHN,60,171589,171529
4475,TRAIN/DR8/FPLS0/SX150.WAV.wav,TRAIN/DR8/FPLS0/SX150.PHN,30,171619,171589
4476,TRAIN/DR8/FPLS0/SX240.WAV.wav,TRAIN/DR8/FPLS0/SX240.PHN,37,171656,171619
4477,TRAIN/DR8/FPLS0/SX3.WAV.wav,TRAIN/DR8/FPLS0/SX3.PHN,16,171672,171656
4478,TRAIN/DR8/FPLS0/SX330.WAV.wav,TRAIN/DR8/FPLS0/SX330.PHN,40,171712,171672
4479,TRAIN/DR8/FPLS0/SX60.WAV.wav,TRAIN/DR8/FPLS0/SX60.PHN,53,171765,171712
4480,TRAIN/DR8/MBCG0/SA1.WAV.wav,TRAIN/DR8/MBCG0/SA1.PHN,39,171804,171765
4481,TRAIN/DR8/MBCG0/SA2.WAV.wav,TRAIN/DR8/MBCG0/SA2.PHN,35,171839,171804
4482,TRAIN/DR8/MBCG0/SI2217.WAV.wav,TRAIN/DR8/MBCG0/SI2217.PHN,33,171872,171839
4483,TRAIN/DR8/MBCG0/SI486.WAV.wav,TRAIN/DR8/MBCG0/SI486.PHN,23,171895,171872
4484,TRAIN/DR8/MBCG0/SI957.WAV.wav,TRAIN/DR8/MBCG0/SI957.PHN,55,171950,171895
4485,TRAIN/DR8/MBCG0/SX147.WAV.wav,TRAIN/DR8/MBCG0/SX147.PHN,42,171992,171950
4486,TRAIN/DR8/MBCG0/SX237.WAV.wav,TRAIN/DR8/MBCG0/SX237.PHN,20,172012,171992
4487,TRAIN/DR8/MBCG0/SX327.WAV.wav,TRAIN/DR8/MBCG0/SX327.PHN,70,172082,172012
4488,TRAIN/DR8/MBCG0/SX417.WAV.wav,TRAIN/DR8/MBCG0/SX417.PHN,38,172120,172082
4489,TRAIN/DR8/MBCG0/SX57.WAV.wav,TRAIN/DR8/MBCG0/SX57.PHN,32,172152,172120
4490,TRAIN/DR8/MBSB0/SA1.WAV.wav,TRAIN/DR8/MBSB0/SA1.PHN,36,172188,172152
4491,TRAIN/DR8/MBSB0/SA2.WAV.wav,TRAIN/DR8/MBSB0/SA2.PHN,31,172219,172188
4492,TRAIN/DR8/MBSB0/SI1353.WAV.wav,TRAIN/DR8/MBSB0/SI1353.PHN,55,172274,172219
4493,TRAIN/DR8/MBSB0/SI1983.WAV.wav,TRAIN/DR8/MBSB0/SI1983.PHN,19,172293,172274
4494,TRAIN/DR8/MBSB0/SI723.WAV.wav,TRAIN/DR8/MBSB0/SI723.PHN,50,172343,172293
4495,TRAIN/DR8/MBSB0/SX183.WAV.wav,TRAIN/DR8/MBSB0/SX183.PHN,28,172371,172343
4496,TRAIN/DR8/MBSB0/SX273.WAV.wav,TRAIN/DR8/MBSB0/SX273.PHN,29,172400,172371
4497,TRAIN/DR8/MBSB0/SX3.WAV.wav,TRAIN/DR8/MBSB0/SX3.PHN,16,172416,172400
4498,TRAIN/DR8/MBSB0/SX363.WAV.wav,TRAIN/DR8/MBSB0/SX363.PHN,35,172451,172416
4499,TRAIN/DR8/MBSB0/SX93.WAV.wav,TRAIN/DR8/MBSB0/SX93.PHN,24,172475,172451
4500,TRAIN/DR8/MCXM0/SA1.WAV.wav,TRAIN/DR8/MCXM0/SA1.PHN,41,172516,172475
4501,TRAIN/DR8/MCXM0/SA2.WAV.wav,TRAIN/DR8/MCXM0/SA2.PHN,33,172549,172516
4502,TRAIN/DR8/MCXM0/SI1351.WAV.wav,TRAIN/DR8/MCXM0/SI1351.PHN,37,172586,172549
4503,TRAIN/DR8/MCXM0/SI1981.WAV.wav,TRAIN/DR8/MCXM0/SI1981.PHN,51,172637,172586
4504,TRAIN/DR8/MCXM0/SI721.WAV.wav,TRAIN/DR8/MCXM0/SI721.PHN,29,172666,172637
4505,TRAIN/DR8/MCXM0/SX181.WAV.wav,TRAIN/DR8/MCXM0/SX181.PHN,47,172713,172666
4506,TRAIN/DR8/MCXM0/SX271.WAV.wav,TRAIN/DR8/MCXM0/SX271.PHN,35,172748,172713
4507,TRAIN/DR8/MCXM0/SX361.WAV.wav,TRAIN/DR8/MCXM0/SX361.PHN,33,172781,172748
4508,TRAIN/DR8/MCXM0/SX451.WAV.wav,TRAIN/DR8/MCXM0/SX451.PHN,51,172832,172781
4509,TRAIN/DR8/MCXM0/SX91.WAV.wav,TRAIN/DR8/MCXM0/SX91.PHN,40,172872,172832
4510,TRAIN/DR8/MEJS0/SA1.WAV.wav,TRAIN/DR8/MEJS0/SA1.PHN,40,172912,172872
4511,TRAIN/DR8/MEJS0/SA2.WAV.wav,TRAIN/DR8/MEJS0/SA2.PHN,34,172946,172912
4512,TRAIN/DR8/MEJS0/SI1240.WAV.wav,TRAIN/DR8/MEJS0/SI1240.PHN,56,173002,172946
4513,TRAIN/DR8/MEJS0/SI1870.WAV.wav,TRAIN/DR8/MEJS0/SI1870.PHN,29,173031,173002
4514,TRAIN/DR8/MEJS0/SI610.WAV.wav,TRAIN/DR8/MEJS0/SI610.PHN,36,173067,173031
4515,TRAIN/DR8/MEJS0/SX160.WAV.wav,TRAIN/DR8/MEJS0/SX160.PHN,49,173116,173067
4516,TRAIN/DR8/MEJS0/SX250.WAV.wav,TRAIN/DR8/MEJS0/SX250.PHN,40,173156,173116
4517,TRAIN/DR8/MEJS0/SX340.WAV.wav,TRAIN/DR8/MEJS0/SX340.PHN,33,173189,173156
4518,TRAIN/DR8/MEJS0/SX430.WAV.wav,TRAIN/DR8/MEJS0/SX430.PHN,44,173233,173189
4519,TRAIN/DR8/MEJS0/SX70.WAV.wav,TRAIN/DR8/MEJS0/SX70.PHN,12,173245,173233
4520,TRAIN/DR8/MKDD0/SA1.WAV.wav,TRAIN/DR8/MKDD0/SA1.PHN,41,173286,173245
4521,TRAIN/DR8/MKDD0/SA2.WAV.wav,TRAIN/DR8/MKDD0/SA2.PHN,37,173323,173286
4522,TRAIN/DR8/MKDD0/SI1567.WAV.wav,TRAIN/DR8/MKDD0/SI1567.PHN,52,173375,173323
4523,TRAIN/DR8/MKDD0/SI2197.WAV.wav,TRAIN/DR8/MKDD0/SI2197.PHN,58,173433,173375
4524,TRAIN/DR8/MKDD0/SI937.WAV.wav,TRAIN/DR8/MKDD0/SI937.PHN,60,173493,173433
4525,TRAIN/DR8/MKDD0/SX127.WAV.wav,TRAIN/DR8/MKDD0/SX127.PHN,24,173517,173493
4526,TRAIN/DR8/MKDD0/SX217.WAV.wav,TRAIN/DR8/MKDD0/SX217.PHN,25,173542,173517
4527,TRAIN/DR8/MKDD0/SX307.WAV.wav,TRAIN/DR8/MKDD0/SX307.PHN,21,173563,173542
4528,TRAIN/DR8/MKDD0/SX37.WAV.wav,TRAIN/DR8/MKDD0/SX37.PHN,39,173602,173563
4529,TRAIN/DR8/MKDD0/SX397.WAV.wav,TRAIN/DR8/MKDD0/SX397.PHN,34,173636,173602
4530,TRAIN/DR8/MKRG0/SA1.WAV.wav,TRAIN/DR8/MKRG0/SA1.PHN,39,173675,173636
4531,TRAIN/DR8/MKRG0/SA2.WAV.wav,TRAIN/DR8/MKRG0/SA2.PHN,33,173708,173675
4532,TRAIN/DR8/MKRG0/SI1491.WAV.wav,TRAIN/DR8/MKRG0/SI1491.PHN,56,173764,173708
4533,TRAIN/DR8/MKRG0/SI2121.WAV.wav,TRAIN/DR8/MKRG0/SI2121.PHN,57,173821,173764
4534,TRAIN/DR8/MKRG0/SI861.WAV.wav,TRAIN/DR8/MKRG0/SI861.PHN,56,173877,173821
4535,TRAIN/DR8/MKRG0/SX141.WAV.wav,TRAIN/DR8/MKRG0/SX141.PHN,49,173926,173877
4536,TRAIN/DR8/MKRG0/SX231.WAV.wav,TRAIN/DR8/MKRG0/SX231.PHN,11,173937,173926
4537,TRAIN/DR8/MKRG0/SX31.WAV.wav,TRAIN/DR8/MKRG0/SX31.PHN,26,173963,173937
4538,TRAIN/DR8/MKRG0/SX411.WAV.wav,TRAIN/DR8/MKRG0/SX411.PHN,40,174003,173963
4539,TRAIN/DR8/MKRG0/SX51.WAV.wav,TRAIN/DR8/MKRG0/SX51.PHN,43,174046,174003
4540,TRAIN/DR8/MMEA0/SA1.WAV.wav,TRAIN/DR8/MMEA0/SA1.PHN,41,174087,174046
4541,TRAIN/DR8/MMEA0/SA2.WAV.wav,TRAIN/DR8/MMEA0/SA2.PHN,34,174121,174087
4542,TRAIN/DR8/MMEA0/SI1388.WAV.wav,TRAIN/DR8/MMEA0/SI1388.PHN,59,174180,174121
4543,TRAIN/DR8/MMEA0/SI2018.WAV.wav,TRAIN/DR8/MMEA0/SI2018.PHN,12,174192,174180
4544,TRAIN/DR8/MMEA0/SI758.WAV.wav,TRAIN/DR8/MMEA0/SI758.PHN,62,174254,174192
4545,TRAIN/DR8/MMEA0/SX128.WAV.wav,TRAIN/DR8/MMEA0/SX128.PHN,28,174282,174254
4546,TRAIN/DR8/MMEA0/SX218.WAV.wav,TRAIN/DR8/MMEA0/SX218.PHN,38,174320,174282
4547,TRAIN/DR8/MMEA0/SX308.WAV.wav,TRAIN/DR8/MMEA0/SX308.PHN,32,174352,174320
4548,TRAIN/DR8/MMEA0/SX38.WAV.wav,TRAIN/DR8/MMEA0/SX38.PHN,40,174392,174352
4549,TRAIN/DR8/MMEA0/SX398.WAV.wav,TRAIN/DR8/MMEA0/SX398.PHN,41,174433,174392
4550,TRAIN/DR8/MMLM0/SA1.WAV.wav,TRAIN/DR8/MMLM0/SA1.PHN,40,174473,174433
4551,TRAIN/DR8/MMLM0/SA2.WAV.wav,TRAIN/DR8/MMLM0/SA2.PHN,34,174507,174473
4552,TRAIN/DR8/MMLM0/SI1527.WAV.wav,TRAIN/DR8/MMLM0/SI1527.PHN,13,174520,174507
4553,TRAIN/DR8/MMLM0/SI2150.WAV.wav,TRAIN/DR8/MMLM0/SI2150.PHN,58,174578,174520
4554,TRAIN/DR8/MMLM0/SI897.WAV.wav,TRAIN/DR8/MMLM0/SI897.PHN,32,174610,174578
4555,TRAIN/DR8/MMLM0/SX177.WAV.wav,TRAIN/DR8/MMLM0/SX177.PHN,25,174635,174610
4556,TRAIN/DR8/MMLM0/SX267.WAV.wav,TRAIN/DR8/MMLM0/SX267.PHN,43,174678,174635
4557,TRAIN/DR8/MMLM0/SX357.WAV.wav,TRAIN/DR8/MMLM0/SX357.PHN,42,174720,174678
4558,TRAIN/DR8/MMLM0/SX447.WAV.wav,TRAIN/DR8/MMLM0/SX447.PHN,27,174747,174720
4559,TRAIN/DR8/MMLM0/SX87.WAV.wav,TRAIN/DR8/MMLM0/SX87.PHN,35,174782,174747
4560,TRAIN/DR8/MMPM0/SA1.WAV.wav,TRAIN/DR8/MMPM0/SA1.PHN,42,174824,174782
4561,TRAIN/DR8/MMPM0/SA2.WAV.wav,TRAIN/DR8/MMPM0/SA2.PHN,32,174856,174824
4562,TRAIN/DR8/MMPM0/SI1061.WAV.wav,TRAIN/DR8/MMPM0/SI1061.PHN,36,174892,174856
4563,TRAIN/DR8/MMPM0/SI1691.WAV.wav,TRAIN/DR8/MMPM0/SI1691.PHN,34,174926,174892
4564,TRAIN/DR8/MMPM0/SI2321.WAV.wav,TRAIN/DR8/MMPM0/SI2321.PHN,33,174959,174926
4565,TRAIN/DR8/MMPM0/SX161.WAV.wav,TRAIN/DR8/MMPM0/SX161.PHN,53,175012,174959
4566,TRAIN/DR8/MMPM0/SX251.WAV.wav,TRAIN/DR8/MMPM0/SX251.PHN,54,175066,175012
4567,TRAIN/DR8/MMPM0/SX341.WAV.wav,TRAIN/DR8/MMPM0/SX341.PHN,40,175106,175066
4568,TRAIN/DR8/MMPM0/SX431.WAV.wav,TRAIN/DR8/MMPM0/SX431.PHN,37,175143,175106
4569,TRAIN/DR8/MMPM0/SX71.WAV.wav,TRAIN/DR8/MMPM0/SX71.PHN,31,175174,175143
4570,TRAIN/DR8/MMWS0/SA1.WAV.wav,TRAIN/DR8/MMWS0/SA1.PHN,38,175212,175174
4571,TRAIN/DR8/MMWS0/SA2.WAV.wav,TRAIN/DR8/MMWS0/SA2.PHN,32,175244,175212
4572,TRAIN/DR8/MMWS0/SI1518.WAV.wav,TRAIN/DR8/MMWS0/SI1518.PHN,35,175279,175244
4573,TRAIN/DR8/MMWS0/SI559.WAV.wav,TRAIN/DR8/MMWS0/SI559.PHN,21,175300,175279
4574,TRAIN/DR8/MMWS0/SI888.WAV.wav,TRAIN/DR8/MMWS0/SI888.PHN,39,175339,175300
4575,TRAIN/DR8/MMWS0/SX168.WAV.wav,TRAIN/DR8/MMWS0/SX168.PHN,27,175366,175339
4576,TRAIN/DR8/MMWS0/SX258.WAV.wav,TRAIN/DR8/MMWS0/SX258.PHN,34,175400,175366
4577,TRAIN/DR8/MMWS0/SX348.WAV.wav,TRAIN/DR8/MMWS0/SX348.PHN,46,175446,175400
4578,TRAIN/DR8/MMWS0/SX438.WAV.wav,TRAIN/DR8/MMWS0/SX438.PHN,48,175494,175446
4579,TRAIN/DR8/MMWS0/SX78.WAV.wav,TRAIN/DR8/MMWS0/SX78.PHN,33,175527,175494
4580,TRAIN/DR8/MRDM0/SA1.WAV.wav,TRAIN/DR8/MRDM0/SA1.PHN,41,175568,175527
4581,TRAIN/DR8/MRDM0/SA2.WAV.wav,TRAIN/DR8/MRDM0/SA2.PHN,34,175602,175568
4582,TRAIN/DR8/MRDM0/SI1044.WAV.wav,TRAIN/DR8/MRDM0/SI1044.PHN,65,175667,175602
4583,TRAIN/DR8/MRDM0/SI1595.WAV.wav,TRAIN/DR8/MRDM0/SI1595.PHN,31,175698,175667
4584,TRAIN/DR8/MRDM0/SI965.WAV.wav,TRAIN/DR8/MRDM0/SI965.PHN,34,175732,175698
4585,TRAIN/DR8/MRDM0/SX155.WAV.wav,TRAIN/DR8/MRDM0/SX155.PHN,44,175776,175732
4586,TRAIN/DR8/MRDM0/SX245.WAV.wav,TRAIN/DR8/MRDM0/SX245.PHN,29,175805,175776
4587,TRAIN/DR8/MRDM0/SX335.WAV.wav,TRAIN/DR8/MRDM0/SX335.PHN,55,175860,175805
4588,TRAIN/DR8/MRDM0/SX425.WAV.wav,TRAIN/DR8/MRDM0/SX425.PHN,27,175887,175860
4589,TRAIN/DR8/MRDM0/SX65.WAV.wav,TRAIN/DR8/MRDM0/SX65.PHN,31,175918,175887
4590,TRAIN/DR8/MRLK0/SA1.WAV.wav,TRAIN/DR8/MRLK0/SA1.PHN,36,175954,175918
4591,TRAIN/DR8/MRLK0/SA2.WAV.wav,TRAIN/DR8/MRLK0/SA2.PHN,32,175986,175954
4592,TRAIN/DR8/MRLK0/SI1468.WAV.wav,TRAIN/DR8/MRLK0/SI1468.PHN,61,176047,175986
4593,TRAIN/DR8/MRLK0/SI2140.WAV.wav,TRAIN/DR8/MRLK0/SI2140.PHN,56,176103,176047
4594,TRAIN/DR8/MRLK0/SI843.WAV.wav,TRAIN/DR8/MRLK0/SI843.PHN,35,176138,176103
4595,TRAIN/DR8/MRLK0/SX123.WAV.wav,TRAIN/DR8/MRLK0/SX123.PHN,37,176175,176138
4596,TRAIN/DR8/MRLK0/SX213.WAV.wav,TRAIN/DR8/MRLK0/SX213.PHN,31,176206,176175
4597,TRAIN/DR8/MRLK0/SX303.WAV.wav,TRAIN/DR8/MRLK0/SX303.PHN,28,176234,176206
4598,TRAIN/DR8/MRLK0/SX33.WAV.wav,TRAIN/DR8/MRLK0/SX33.PHN,31,176265,176234
4599,TRAIN/DR8/MRLK0/SX393.WAV.wav,TRAIN/DR8/MRLK0/SX393.PHN,32,176297,176265
4600,TRAIN/DR8/MRRE0/SA1.WAV.wav,TRAIN/DR8/MRRE0/SA1.PHN,40,176337,176297
4601,TRAIN/DR8/MRRE0/SA2.WAV.wav,TRAIN/DR8/MRRE0/SA2.PHN,38,176375,176337
4602,TRAIN/DR8/MRRE0/SI1334.WAV.wav,TRAIN/DR8/MRRE0/SI1334.PHN,69,176444,176375
4603,TRAIN/DR8/MRRE0/SI704.WAV.wav,TRAIN/DR8/MRRE0/SI704.PHN,36,176480,176444
4604,TRAIN/DR8/MRRE0/SI952.WAV.wav,TRAIN/DR8/MRRE0/SI952.PHN,64,176544,176480
4605,TRAIN/DR8/MRRE0/SX164.WAV.wav,TRAIN/DR8/MRRE0/SX164.PHN,45,176589,176544
4606,TRAIN/DR8/MRRE0/SX254.WAV.wav,TRAIN/DR8/MRRE0/SX254.PHN,25,176614,176589
4607,TRAIN/DR8/MRRE0/SX344.WAV.wav,TRAIN/DR8/MRRE0/SX344.PHN,29,176643,176614
4608,TRAIN/DR8/MRRE0/SX434.WAV.wav,TRAIN/DR8/MRRE0/SX434.PHN,28,176671,176643
4609,TRAIN/DR8/MRRE0/SX74.WAV.wav,TRAIN/DR8/MRRE0/SX74.PHN,35,176706,176671
4610,TRAIN/DR8/MTCS0/SA1.WAV.wav,TRAIN/DR8/MTCS0/SA1.PHN,38,176744,176706
4611,TRAIN/DR8/MTCS0/SA2.WAV.wav,TRAIN/DR8/MTCS0/SA2.PHN,32,176776,176744
4612,TRAIN/DR8/MTCS0/SI1972.WAV.wav,TRAIN/DR8/MTCS0/SI1972.PHN,14,176790,176776
4613,TRAIN/DR8/MTCS0/SI2265.WAV.wav,TRAIN/DR8/MTCS0/SI2265.PHN,13,176803,176790
4614,TRAIN/DR8/MTCS0/SI712.WAV.wav,TRAIN/DR8/MTCS0/SI712.PHN,59,176862,176803
4615,TRAIN/DR8/MTCS0/SX172.WAV.wav,TRAIN/DR8/MTCS0/SX172.PHN,41,176903,176862
4616,TRAIN/DR8/MTCS0/SX262.WAV.wav,TRAIN/DR8/MTCS0/SX262.PHN,31,176934,176903
4617,TRAIN/DR8/MTCS0/SX352.WAV.wav,TRAIN/DR8/MTCS0/SX352.PHN,65,176999,176934
4618,TRAIN/DR8/MTCS0/SX442.WAV.wav,TRAIN/DR8/MTCS0/SX442.PHN,47,177046,176999
4619,TRAIN/DR8/MTCS0/SX82.WAV.wav,TRAIN/DR8/MTCS0/SX82.PHN,34,177080,177046
